기간	자치구	동	합계	합계	20대 이하(29세 이하)	20대 이하(29세 이하)	30대(30~39세)	30대(30~39세)	40대(40~49세)	40대(40~49세)	50대(50~59세)	50대(50~59세)	60대 이상(60세 이상)	60대 이상(60세 이상)
기간	자치구	동	사업체수	종사자수	사업체수	종사자수	사업체수	종사자수	사업체수	종사자수	사업체수	종사자수	사업체수	종사자수
2017	합계	합계	822,863	5,119,913	19,446	58,913	112,751	422,939	223,179	1,187,226	270,348	2,084,648	197,139	1,366,187
2017	종로구	소계	40,490	268,702	781	2,073	5,137	16,841	10,588	47,548	13,590	109,445	10,394	92,795
2017	종로구	사직동	3,544	52,489	67	172	395	1,606	980	8,098	1,252	21,316	850	21,297
2017	종로구	삼청동	753	4,507	16	44	149	430	211	976	219	1,034	158	2,023
2017	종로구	부암동	567	4,147	17	47	75	247	144	589	185	1,546	146	1,718
2017	종로구	평창동	739	3,547	20	37	83	344	143	619	259	1,016	234	1,531
2017	종로구	무악동	531	1,457	9	25	37	68	99	158	178	470	208	736
2017	종로구	교남동	347	3,816	4	8	47	125	75	615	121	550	100	2,518
2017	종로구	가회동	747	13,681	16	67	136	412	186	841	219	1,756	190	10,605
2017	종로구	종로1.2.3.4가동	15,851	111,270	251	738	1,764	6,800	3,970	19,497	5,515	53,754	4,351	30,481
2017	종로구	종로5·6가동	7,613	23,581	124	261	1,063	2,414	2,141	5,396	2,474	10,183	1,811	5,327
2017	종로구	이화동	1,289	17,511	45	167	204	821	350	2,101	407	5,416	283	9,006
2017	종로구	창신1동	2,302	6,734	55	106	341	988	560	1,720	735	2,263	611	1,657
2017	종로구	창신2동	871	2,332	15	45	56	160	265	848	333	907	202	372
2017	종로구	창신3동	264	851	10	30	24	62	63	113	108	467	59	179
2017	종로구	숭인1동	507	1,433	6	15	52	114	166	460	182	638	101	206
2017	종로구	숭인2동	1,812	6,657	38	84	220	644	474	1,872	591	2,859	489	1,198
2017	종로구	청운효자동	1,016	5,891	28	64	166	477	257	1,526	311	2,660	254	1,164
2017	종로구	혜화동	1,737	8,798	60	163	325	1,129	504	2,119	501	2,610	347	2,777
2017	중구	소계	62,936	386,648	1,563	3,939	9,897	28,631	17,559	76,536	20,295	161,379	13,622	116,163
2017	중구	소공동	3,918	59,386	52	180	492	2,504	1,096	10,487	1,281	24,633	997	21,582
2017	중구	회현동	9,425	48,533	191	389	1,278	2,812	2,466	9,081	3,113	23,889	2,377	12,362
2017	중구	명동	6,770	107,800	152	574	835	4,356	1,787	15,667	2,301	48,881	1,695	38,322
2017	중구	필동	3,075	23,521	59	162	311	1,166	1,019	4,136	1,120	8,430	566	9,627
2017	중구	장충동	855	9,592	19	40	80	275	246	2,611	309	4,036	201	2,630
2017	중구	광희동	9,253	39,108	232	635	1,370	4,205	2,620	8,597	3,135	15,813	1,896	9,858
2017	중구	을지로동	9,453	32,444	113	261	739	1,863	2,357	7,342	3,638	15,238	2,606	7,740
2017	중구	신당5동	1,305	4,064	42	117	155	448	383	1,235	461	1,627	264	637
2017	중구	황학동	1,867	5,696	51	109	210	585	412	1,320	693	2,699	501	983
2017	중구	중림동	982	6,948	12	29	106	297	271	2,024	334	2,133	259	2,465
2017	중구	신당동	12,073	29,305	552	1,205	3,750	8,198	3,663	8,469	2,668	7,975	1,440	3,458
2017	중구	다산동	1,396	9,014	29	73	229	784	423	2,378	420	1,496	295	4,283
2017	중구	약수동	841	3,624	15	51	92	292	263	985	250	1,366	221	930
2017	중구	청구동	785	4,116	23	75	108	405	243	1,009	255	1,849	156	778
2017	중구	동화동	938	3,497	21	39	142	441	310	1,195	317	1,314	148	508
2017	용산구	소계	20,806	133,260	400	988	3,215	11,786	5,784	29,452	6,148	52,819	5,259	38,215
2017	용산구	후암동	859	5,156	16	24	124	344	195	638	256	1,810	268	2,340
2017	용산구	용산2가동	557	1,899	16	32	126	322	115	385	131	510	169	650
2017	용산구	남영동	1,714	17,940	26	74	218	1,182	459	4,250	504	8,562	507	3,872
2017	용산구	원효로2동	1,010	5,783	7	13	99	250	323	1,502	321	2,698	260	1,320
2017	용산구	효창동	462	2,249	4	8	40	114	127	468	146	833	145	826
2017	용산구	용문동	660	1,783	5	8	66	193	145	494	227	643	217	445
2017	용산구	이촌1동	813	3,701	13	88	83	307	210	813	242	1,522	265	971
2017	용산구	이촌2동	350	827	3	11	35	65	55	124	98	312	159	315
2017	용산구	이태원1동	1,652	7,557	56	129	340	1,280	501	2,146	438	1,711	317	2,291
2017	용산구	이태원2동	752	3,241	38	87	210	627	168	640	174	927	162	960
2017	용산구	서빙고동	385	4,555	5	13	37	498	90	1,392	118	1,382	135	1,270
2017	용산구	보광동	844	1,925	28	43	116	258	175	306	259	843	266	475
2017	용산구	청파동	1,881	9,383	35	98	242	681	459	1,670	632	2,936	513	3,998
2017	용산구	원효로1동	1,815	9,716	33	76	244	761	545	2,819	575	4,033	418	2,027
2017	용산구	한강로동	4,972	40,821	72	193	797	3,197	1,615	7,307	1,492	18,100	996	12,024
2017	용산구	한남동	2,080	16,724	43	91	438	1,707	602	4,498	535	5,997	462	4,431
2017	성동구	소계	27,278	167,308	693	2,166	3,833	16,351	7,573	44,331	9,011	65,964	6,168	38,496
2017	성동구	왕십리2동	803	2,718	12	34	81	260	228	880	270	842	212	702
2017	성동구	마장동	3,282	11,918	56	165	389	1,329	848	3,103	1,039	4,771	950	2,550
2017	성동구	사근동	1,106	11,748	46	167	208	794	264	964	333	2,374	255	7,449
2017	성동구	행당1동	1,459	9,210	57	238	298	1,439	410	3,673	409	3,029	285	831
2017	성동구	행당2동	592	2,046	9	25	97	336	170	547	177	733	139	405
2017	성동구	응봉동	379	1,053	4	6	41	99	79	192	138	482	117	274
2017	성동구	금호1가동	506	1,701	10	37	62	205	116	420	179	692	139	347
2017	성동구	금호4가동	635	1,894	18	46	92	218	141	444	208	665	176	521
2017	성동구	성수1가1동	1,601	8,806	28	106	194	930	476	2,387	588	3,751	315	1,632
2017	성동구	성수1가2동	2,346	17,723	59	162	392	1,859	710	5,335	769	7,480	416	2,887
2017	성동구	성수2가1동	2,605	18,333	72	165	326	1,351	728	5,383	943	8,437	536	2,997
2017	성동구	성수2가3동	5,203	47,180	98	343	699	3,861	1,649	13,185	1,763	18,495	994	11,296
2017	성동구	송정동	692	2,393	17	32	65	162	148	443	238	1,083	224	673
2017	성동구	용답동	2,089	13,476	59	168	250	1,077	546	2,430	732	7,235	502	2,566
2017	성동구	왕십리도선동	2,079	11,017	92	306	369	1,492	573	3,223	630	3,644	415	2,352
2017	성동구	금호2.3가동	1,034	2,867	25	75	116	321	219	806	369	1,164	305	501
2017	성동구	옥수동	867	3,225	31	91	154	618	268	916	226	1,087	188	513
2017	광진구	소계	24,688	125,170	753	2,129	3,654	13,104	6,763	29,750	8,284	51,280	5,234	28,907
2017	광진구	화양동	2,437	15,265	132	424	586	2,397	661	2,803	655	3,732	403	5,909
2017	광진구	군자동	1,580	9,700	48	151	245	1,101	454	1,766	487	3,802	346	2,880
2017	광진구	중곡1동	1,612	6,629	45	100	166	564	460	2,183	584	2,376	357	1,406
2017	광진구	중곡2동	1,622	6,496	42	111	187	763	427	1,882	636	2,961	330	779
2017	광진구	중곡3동	1,330	5,380	36	82	137	380	328	1,240	511	2,309	318	1,369
2017	광진구	중곡4동	1,563	4,891	50	173	149	406	377	1,160	573	1,989	414	1,163
2017	광진구	능동	783	5,705	23	73	122	447	225	1,504	255	2,617	158	1,064
2017	광진구	구의1동	1,846	7,159	53	122	273	728	519	1,893	618	2,936	383	1,480
2017	광진구	구의2동	1,297	5,167	38	86	144	497	318	1,450	443	1,951	354	1,183
2017	광진구	구의3동	2,652	14,918	80	210	473	1,552	869	3,682	814	5,805	416	3,669
2017	광진구	광장동	1,419	16,535	19	57	172	551	473	4,000	505	10,347	250	1,580
2017	광진구	자양1동	1,711	8,543	44	99	205	846	479	2,096	612	2,832	371	2,670
2017	광진구	자양2동	1,487	6,271	31	93	208	612	366	1,186	515	3,094	367	1,286
2017	광진구	자양3동	1,353	6,183	48	168	261	1,094	323	1,375	437	2,315	284	1,231
2017	광진구	자양4동	1,996	6,328	64	180	326	1,166	484	1,530	639	2,214	483	1,238
2017	동대문구	소계	32,411	142,842	709	1,971	3,780	12,309	7,699	29,767	10,742	59,050	9,481	39,745
2017	동대문구	회기동	997	8,922	65	201	230	665	268	851	269	4,065	165	3,140
2017	동대문구	휘경1동	977	3,825	24	72	131	436	242	967	318	1,243	262	1,107
2017	동대문구	휘경2동	1,210	5,204	23	51	116	467	241	645	351	1,675	479	2,366
2017	동대문구	청량리동	1,679	8,818	27	78	145	413	318	1,084	534	4,026	655	3,217
2017	동대문구	용신동	5,640	33,713	98	253	583	2,340	1,354	6,556	1,965	13,181	1,640	11,383
2017	동대문구	제기동	4,750	12,275	81	177	375	945	888	2,677	1,621	4,638	1,785	3,838
2017	동대문구	전농1동	2,199	8,492	75	189	372	1,028	523	1,647	665	3,983	564	1,645
2017	동대문구	전농2동	894	5,038	19	79	101	338	205	585	313	3,305	256	731
2017	동대문구	답십리1동	1,961	7,131	23	53	215	742	449	1,754	612	2,570	662	2,012
2017	동대문구	답십리2동	2,186	7,251	23	75	198	592	561	1,913	762	2,983	642	1,688
2017	동대문구	장안1동	4,572	21,603	106	370	598	2,088	1,280	6,591	1,596	8,191	992	4,363
2017	동대문구	장안2동	3,164	11,590	79	226	441	1,519	827	3,034	1,050	4,115	767	2,696
2017	동대문구	이문1동	1,477	6,698	51	115	219	601	370	896	456	4,157	381	929
2017	동대문구	이문2동	705	2,282	15	32	56	135	173	567	230	918	231	630
2017	중랑구	소계	28,045	102,758	597	1,878	2,930	9,648	6,645	25,703	10,148	41,909	7,725	23,620
2017	중랑구	면목2동	2,035	6,440	47	146	195	484	552	2,032	761	2,431	480	1,347
2017	중랑구	면목4동	1,166	3,785	27	46	121	344	240	791	469	1,951	309	653
2017	중랑구	면목5동	850	2,865	13	32	83	242	200	715	347	1,266	207	610
2017	중랑구	면목7동	1,485	4,426	38	96	165	425	345	1,165	512	1,790	425	950
2017	중랑구	상봉1동	1,148	6,397	29	79	146	639	303	1,673	380	2,351	290	1,655
2017	중랑구	상봉2동	2,102	9,120	54	166	263	868	518	2,466	742	3,511	525	2,109
2017	중랑구	중화1동	1,096	3,929	13	35	97	433	275	986	429	1,857	282	618
2017	중랑구	중화2동	2,175	7,441	54	148	231	772	501	1,863	801	3,323	588	1,335
2017	중랑구	묵1동	1,513	5,749	29	88	198	732	361	1,617	503	2,170	422	1,142
2017	중랑구	묵2동	1,780	4,949	36	99	183	586	399	1,231	679	2,194	483	839
2017	중랑구	망우3동	1,115	3,914	25	115	95	355	274	1,014	423	1,474	298	956
2017	중랑구	신내1동	1,998	10,597	44	191	223	764	483	1,959	690	5,696	558	1,987
2017	중랑구	신내2동	1,115	5,966	15	108	127	479	302	1,441	375	1,629	296	2,309
2017	중랑구	면목본동	2,511	7,756	51	159	279	821	638	2,271	955	2,959	588	1,546
2017	중랑구	면목3.8동	2,100	7,089	55	169	254	788	509	1,712	742	2,022	540	2,398
2017	중랑구	망우본동	3,856	12,335	67	201	270	916	745	2,767	1,340	5,285	1,434	3,166
2017	성북구	소계	24,039	108,991	541	1,563	2,852	9,214	5,920	21,042	7,725	37,551	7,001	39,621
2017	성북구	돈암1동	389	1,802	6	10	42	124	95	344	114	700	132	624
2017	성북구	돈암2동	433	2,294	9	20	46	85	123	379	133	715	122	1,095
2017	성북구	안암동	1,456	12,813	47	169	283	967	445	1,803	411	2,228	270	7,646
2017	성북구	보문동	1,330	5,229	30	64	132	486	333	1,296	435	1,875	400	1,508
2017	성북구	정릉1동	753	2,064	18	44	68	216	188	653	238	724	241	427
2017	성북구	정릉2동	887	2,819	14	36	86	285	200	760	282	942	305	796
2017	성북구	정릉3동	677	4,302	19	55	57	116	123	325	226	1,231	252	2,575
2017	성북구	정릉4동	921	4,242	14	32	102	272	207	546	289	1,660	309	1,732
2017	성북구	길음1동	1,092	3,950	13	36	150	831	288	907	296	1,342	345	834
2017	성북구	길음2동	935	4,269	22	75	140	444	236	1,129	283	1,538	254	1,083
2017	성북구	월곡1동	1,351	5,039	15	29	129	396	278	987	459	2,201	470	1,426
2017	성북구	월곡2동	1,589	7,619	34	79	175	544	439	1,513	531	2,507	410	2,976
2017	성북구	장위1동	928	2,339	16	62	69	172	199	483	354	1,114	290	508
2017	성북구	장위2동	1,478	4,599	23	74	104	314	336	1,027	527	1,626	488	1,558
2017	성북구	장위3동	628	2,722	5	23	46	142	156	571	217	1,146	204	840
2017	성북구	성북동	1,132	5,170	44	121	148	415	297	1,279	333	1,761	310	1,594
2017	성북구	삼선동	1,906	10,312	58	125	259	744	484	1,524	606	3,859	499	4,060
2017	성북구	동선동	1,995	9,940	99	323	422	1,478	533	2,058	513	2,876	428	3,205
2017	성북구	종암동	2,022	7,350	17	47	177	561	491	1,707	714	3,286	623	1,749
2017	성북구	석관동	2,137	10,117	38	139	217	622	469	1,751	764	4,220	649	3,385
2017	강북구	소계	18,928	71,752	434	1,318	2,314	8,278	4,424	17,956	6,506	29,819	5,250	14,381
2017	강북구	번1동	1,836	9,166	48	133	250	1,314	495	2,767	616	3,481	427	1,471
2017	강북구	번2동	678	3,442	11	42	57	128	126	513	261	1,723	223	1,036
2017	강북구	번3동	912	2,959	18	36	60	160	182	720	282	1,271	370	772
2017	강북구	수유1동	1,432	5,090	27	71	139	373	305	1,249	512	2,249	449	1,148
2017	강북구	수유2동	1,339	4,179	22	57	146	384	327	1,128	476	1,766	368	844
2017	강북구	수유3동	2,446	9,009	91	362	400	1,402	593	2,222	823	3,854	539	1,169
2017	강북구	삼양동	1,186	3,743	13	42	133	375	285	821	395	1,442	360	1,063
2017	강북구	미아동	1,670	6,501	41	110	214	724	418	1,967	592	2,721	405	979
2017	강북구	송중동	1,962	8,026	61	212	300	1,293	457	2,231	653	2,993	491	1,297
2017	강북구	송천동	2,106	7,440	37	99	231	1,116	494	1,931	759	2,947	585	1,347
2017	강북구	삼각산동	775	2,337	19	43	118	340	240	666	241	1,044	157	244
2017	강북구	우이동	1,029	4,271	23	50	106	296	209	631	354	2,038	337	1,256
2017	강북구	인수동	1,557	5,589	23	61	160	373	293	1,110	542	2,290	539	1,755
2017	도봉구	소계	18,351	70,503	307	891	1,784	5,285	4,463	16,856	6,426	28,730	5,371	18,741
2017	도봉구	쌍문1동	890	3,852	17	45	71	153	221	896	300	1,373	281	1,385
2017	도봉구	쌍문2동	1,242	5,053	31	89	142	494	313	1,618	427	1,778	329	1,074
2017	도봉구	쌍문3동	971	4,015	19	54	125	337	255	893	333	1,439	239	1,292
2017	도봉구	쌍문4동	616	2,003	15	43	60	135	142	312	227	849	172	664
2017	도봉구	방학1동	2,266	10,787	51	144	273	813	601	2,238	820	5,054	521	2,538
2017	도봉구	방학2동	1,207	3,264	20	56	113	326	302	795	424	1,281	348	806
2017	도봉구	방학3동	872	3,242	16	44	54	192	203	807	334	1,265	265	934
2017	도봉구	창1동	1,413	4,207	21	74	135	445	311	917	484	1,941	462	830
2017	도봉구	창2동	1,356	4,348	21	42	144	380	364	1,144	485	1,581	342	1,201
2017	도봉구	창3동	929	2,199	11	45	88	179	225	485	330	932	275	558
2017	도봉구	창4동	1,277	7,384	18	47	125	425	343	1,727	463	2,896	328	2,289
2017	도봉구	창5동	2,133	7,148	19	49	180	696	420	1,712	705	2,635	809	2,056
2017	도봉구	도봉1동	1,714	6,135	28	82	135	364	415	1,411	625	2,574	511	1,704
2017	도봉구	도봉2동	1,465	6,866	20	77	139	346	348	1,901	469	3,132	489	1,410
2017	노원구	소계	26,516	117,859	573	1,716	3,058	10,247	6,891	28,618	8,876	50,147	7,118	27,131
2017	노원구	월계1동	1,488	6,121	34	85	192	551	401	1,668	465	1,919	396	1,898
2017	노원구	월계2동	944	3,464	9	16	92	258	192	644	302	1,467	349	1,079
2017	노원구	월계3동	963	3,943	15	48	67	241	218	1,213	360	1,498	303	943
2017	노원구	공릉2동	1,834	11,823	36	73	224	619	461	1,446	614	7,056	499	2,629
2017	노원구	하계1동	1,103	7,546	34	119	122	414	300	1,346	424	4,090	223	1,577
2017	노원구	하계2동	395	1,307	1	15	21	68	92	368	155	593	126	263
2017	노원구	중계본동	1,198	5,494	28	106	121	420	412	1,789	403	2,229	234	950
2017	노원구	중계1동	1,000	4,392	20	67	108	459	329	1,301	338	1,573	205	992
2017	노원구	중계4동	1,049	3,975	29	65	114	431	282	910	376	1,593	248	976
2017	노원구	상계1동	3,114	10,558	60	211	232	771	593	2,769	1,026	3,272	1,203	3,535
2017	노원구	상계2동	2,614	10,662	94	290	510	1,697	770	3,421	791	3,742	449	1,512
2017	노원구	상계5동	1,605	4,600	42	108	201	457	429	1,039	556	2,258	377	738
2017	노원구	상계8동	595	2,017	8	26	62	201	153	576	197	650	175	564
2017	노원구	상계9동	713	2,488	10	20	62	232	152	460	249	934	240	842
2017	노원구	상계10동	455	2,203	12	48	54	100	109	323	136	1,050	144	682
2017	노원구	상계3.4동	1,278	4,354	21	59	101	230	290	839	439	2,421	427	805
2017	노원구	상계6.7동	1,958	15,618	27	86	228	1,231	592	4,216	652	6,786	459	3,299
2017	노원구	중계2.3동	1,361	5,555	27	87	192	634	357	1,356	449	2,261	336	1,217
2017	노원구	공릉1동	2,849	11,739	66	187	355	1,233	759	2,934	944	4,755	725	2,630
2017	은평구	소계	24,561	88,818	582	1,606	2,857	8,777	6,027	23,716	8,241	34,488	6,854	20,231
2017	은평구	녹번동	1,895	9,439	28	90	188	671	476	3,480	693	3,230	510	1,968
2017	은평구	불광1동	1,677	6,733	49	121	185	756	406	1,723	587	2,972	450	1,161
2017	은평구	갈현1동	1,457	5,184	47	125	222	774	376	1,535	464	1,595	348	1,155
2017	은평구	갈현2동	1,596	5,828	67	164	233	602	428	1,958	482	1,711	386	1,393
2017	은평구	구산동	1,205	5,233	12	25	110	307	307	1,135	400	2,371	376	1,395
2017	은평구	대조동	2,530	7,921	85	263	312	903	731	2,492	780	2,804	622	1,459
2017	은평구	응암1동	1,600	7,261	35	94	202	861	426	1,758	522	2,703	415	1,845
2017	은평구	응암2동	654	2,011	13	29	70	140	148	379	228	767	195	696
2017	은평구	신사1동	1,290	4,069	29	118	162	435	287	972	446	1,544	366	1,000
2017	은평구	신사2동	1,691	3,612	17	118	90	184	250	721	508	1,064	826	1,525
2017	은평구	증산동	1,017	3,555	22	41	110	316	222	807	353	1,637	310	754
2017	은평구	수색동	625	2,476	11	19	37	125	125	602	239	1,267	213	463
2017	은평구	진관동	1,648	8,664	45	155	267	997	499	1,958	512	3,646	325	1,908
2017	은평구	불광2동	1,321	4,429	20	36	115	327	259	979	506	2,210	421	877
2017	은평구	응암3동	1,844	4,934	50	102	248	623	410	1,070	620	1,923	516	1,216
2017	은평구	역촌동	2,511	7,469	52	106	306	756	677	2,147	901	3,044	575	1,416
2017	서대문구	소계	19,852	111,117	592	1,984	2,799	9,078	4,878	19,553	6,441	41,265	5,142	39,237
2017	서대문구	천연동	941	2,898	20	27	89	203	235	554	308	1,100	289	1,014
2017	서대문구	홍제1동	1,163	4,679	26	56	124	384	325	872	401	2,269	287	1,098
2017	서대문구	홍제3동	1,201	3,730	27	62	127	341	274	975	370	1,384	403	968
2017	서대문구	홍제2동	594	1,751	20	49	81	192	125	352	222	762	146	396
2017	서대문구	홍은1동	964	2,521	18	52	105	256	201	520	326	1,016	314	677
2017	서대문구	홍은2동	1,176	5,405	21	65	154	392	270	874	430	1,890	301	2,184
2017	서대문구	남가좌1동	797	2,197	18	49	90	296	140	424	261	775	288	653
2017	서대문구	남가좌2동	1,243	4,877	28	66	155	373	330	855	411	1,677	319	1,906
2017	서대문구	북가좌1동	665	3,407	15	44	96	223	178	801	206	1,597	170	742
2017	서대문구	북가좌2동	2,381	6,903	35	113	241	598	498	2,367	842	2,242	765	1,583
2017	서대문구	충현동	1,825	24,126	46	118	201	619	437	3,563	699	12,688	442	7,138
2017	서대문구	북아현동	864	2,677	18	34	97	219	224	609	296	1,336	229	479
2017	서대문구	신촌동	3,720	35,054	228	1,102	895	3,975	999	4,664	984	8,883	614	16,430
2017	서대문구	연희동	2,318	10,892	72	147	344	1,007	642	2,123	685	3,646	575	3,969
2017	마포구	소계	36,325	247,999	1,439	4,084	7,249	28,317	11,154	67,084	10,068	96,049	6,415	52,465
2017	마포구	용강동	2,550	18,504	53	132	343	1,216	855	6,938	818	5,094	481	5,124
2017	마포구	대흥동	1,547	9,660	43	140	255	954	459	2,534	457	2,834	333	3,198
2017	마포구	염리동	699	4,050	26	89	103	351	186	739	230	1,944	154	927
2017	마포구	신수동	1,230	5,629	35	101	173	502	364	1,431	377	2,325	281	1,270
2017	마포구	서교동	9,686	60,482	531	1,733	2,625	10,875	3,253	19,983	2,198	18,135	1,079	9,756
2017	마포구	합정동	2,044	12,112	83	201	481	1,546	596	3,286	535	4,084	349	2,995
2017	마포구	망원1동	1,802	4,625	80	200	322	816	413	1,373	481	1,383	506	853
2017	마포구	망원2동	1,360	4,614	44	93	236	603	383	1,512	429	1,761	268	645
2017	마포구	연남동	1,611	6,441	147	323	482	1,504	443	2,030	332	1,688	207	896
2017	마포구	성산1동	1,488	13,161	30	74	219	890	483	2,599	462	6,502	294	3,096
2017	마포구	성산2동	1,747	12,091	30	87	192	667	501	2,043	596	6,007	428	3,287
2017	마포구	상암동	2,324	37,364	91	288	499	2,585	778	8,634	651	19,843	305	6,014
2017	마포구	도화동	2,047	15,957	35	90	301	1,140	616	4,326	640	7,139	455	3,262
2017	마포구	서강동	1,779	11,995	107	264	484	2,223	562	2,932	391	3,313	235	3,263
2017	마포구	공덕동	2,781	19,160	54	118	320	1,577	784	3,929	948	8,922	675	4,614
2017	마포구	아현동	1,630	12,154	50	151	214	868	478	2,795	523	5,075	365	3,265
2017	양천구	소계	26,077	119,943	606	1,692	3,213	10,868	6,737	29,115	9,110	48,715	6,411	29,553
2017	양천구	목1동	2,943	21,054	82	258	555	2,637	1,013	5,490	900	7,903	393	4,766
2017	양천구	목2동	1,145	4,186	36	81	149	500	262	1,000	422	1,769	276	836
2017	양천구	목3동	1,233	4,938	39	93	178	547	309	1,109	449	1,599	258	1,590
2017	양천구	목4동	1,352	3,950	34	72	177	483	358	990	503	1,675	280	730
2017	양천구	신월1동	1,853	5,569	38	94	172	448	422	1,466	728	2,326	493	1,235
2017	양천구	신월2동	1,223	4,039	24	56	110	287	277	805	429	1,794	383	1,097
2017	양천구	신월3동	955	4,126	20	78	87	382	217	889	347	1,579	284	1,198
2017	양천구	신월4동	1,174	3,992	18	42	112	241	275	1,330	410	1,328	359	1,051
2017	양천구	신월5동	1,013	4,814	22	72	97	256	241	1,053	419	2,699	234	734
2017	양천구	신월6동	1,387	3,329	5	16	51	190	136	752	470	1,008	725	1,363
2017	양천구	신월7동	1,384	5,674	27	89	126	329	310	1,641	488	1,635	433	1,980
2017	양천구	신정1동	1,148	5,075	38	91	151	494	313	878	408	2,439	238	1,173
2017	양천구	신정2동	1,110	3,688	29	57	147	426	336	1,263	377	1,277	221	665
2017	양천구	신정3동	1,795	9,428	32	79	157	562	431	2,485	680	4,121	495	2,181
2017	양천구	신정6동	758	6,407	23	101	135	517	206	919	251	4,202	143	668
2017	양천구	신정7동	1,024	4,837	21	63	134	455	257	1,082	361	2,436	251	801
2017	양천구	목5동	1,537	9,883	30	82	242	732	501	1,758	513	3,553	251	3,758
2017	양천구	신정4동	3,043	14,954	88	268	433	1,382	873	4,205	955	5,372	694	3,727
2017	강서구	소계	36,556	234,394	930	3,215	5,094	20,406	9,777	60,865	12,026	84,053	8,729	65,855
2017	강서구	염창동	2,126	16,513	54	169	263	1,040	583	4,694	778	6,532	448	4,078
2017	강서구	등촌1동	1,892	15,709	55	216	257	1,165	558	3,024	654	8,728	368	2,576
2017	강서구	등촌2동	737	3,766	17	29	90	252	175	662	279	1,719	176	1,104
2017	강서구	등촌3동	2,657	23,388	87	349	371	2,133	835	4,921	839	7,566	525	8,419
2017	강서구	화곡본동	1,356	4,073	22	43	183	461	353	1,182	430	1,222	368	1,165
2017	강서구	화곡2동	848	2,465	14	27	134	275	203	518	282	1,031	215	614
2017	강서구	화곡3동	1,212	4,827	43	120	189	741	315	1,105	419	2,165	246	696
2017	강서구	화곡4동	1,482	3,728	41	100	186	450	346	844	513	1,556	396	778
2017	강서구	화곡6동	1,846	10,871	54	211	305	1,409	469	2,528	620	3,681	398	3,042
2017	강서구	화곡8동	1,259	4,007	34	86	185	509	321	1,598	412	1,231	307	583
2017	강서구	가양1동	3,512	35,037	124	457	721	2,952	1,184	7,494	1,001	11,828	482	12,306
2017	강서구	가양2동	595	3,590	8	38	72	285	149	1,075	193	1,518	173	674
2017	강서구	가양3동	907	7,967	20	110	63	509	261	2,452	326	3,500	237	1,396
2017	강서구	발산1동	2,340	12,646	45	151	289	1,322	649	2,861	823	4,029	534	4,283
2017	강서구	공항동	2,096	37,599	45	141	281	1,286	635	14,619	699	8,386	436	13,167
2017	강서구	방화1동	2,677	10,176	65	212	352	1,204	725	2,861	863	3,717	672	2,182
2017	강서구	방화2동	3,318	15,126	67	354	346	1,617	584	2,985	1,021	7,317	1,300	2,853
2017	강서구	방화3동	908	4,516	13	47	82	277	188	701	340	1,742	285	1,749
2017	강서구	화곡1동	3,104	11,276	73	227	461	1,629	761	2,870	1,028	3,691	781	2,859
2017	강서구	우장산동	1,684	7,114	49	128	264	890	483	1,871	506	2,894	382	1,331
2017	구로구	소계	38,405	213,468	888	3,310	4,779	16,973	10,980	59,059	13,153	89,724	8,605	44,402
2017	구로구	신도림동	2,864	15,345	102	297	430	1,453	771	3,602	982	7,158	579	2,835
2017	구로구	구로1동	736	3,105	13	29	99	270	180	584	251	1,591	193	631
2017	구로구	구로3동	7,227	83,892	203	1,304	1,135	5,801	2,640	28,201	2,351	36,181	898	12,405
2017	구로구	구로4동	2,042	5,162	59	130	246	530	535	1,419	667	2,031	535	1,052
2017	구로구	구로5동	4,907	27,070	158	477	652	2,592	1,236	6,887	1,613	11,314	1,248	5,800
2017	구로구	고척1동	2,590	9,541	54	153	248	969	602	1,909	1,013	4,011	673	2,499
2017	구로구	고척2동	1,407	3,918	22	57	139	321	362	1,016	509	1,723	375	801
2017	구로구	개봉2동	1,170	3,247	23	40	131	370	261	859	403	1,156	352	822
2017	구로구	개봉3동	990	5,743	19	46	116	278	248	690	340	1,170	267	3,559
2017	구로구	오류1동	1,125	4,610	24	109	160	428	257	1,418	343	1,158	341	1,497
2017	구로구	오류2동	1,575	7,814	33	92	176	668	419	1,375	511	3,672	436	2,007
2017	구로구	수궁동	1,266	5,886	21	235	119	323	290	988	428	2,427	408	1,913
2017	구로구	가리봉동	986	2,783	40	76	121	239	226	1,052	323	840	276	576
2017	구로구	구로2동	7,816	29,888	83	175	841	2,326	2,514	7,847	2,808	13,051	1,570	6,489
2017	구로구	개봉1동	1,704	5,464	34	90	166	405	439	1,212	611	2,241	454	1,516
2017	금천구	소계	31,750	228,000	605	2,067	3,534	16,958	9,880	67,578	11,540	101,183	6,191	40,214
2017	금천구	가산동	14,339	157,491	277	1,043	1,976	11,788	5,493	47,683	4,907	72,747	1,686	24,230
2017	금천구	독산1동	4,085	24,308	79	279	417	1,922	1,090	7,622	1,523	9,462	976	5,023
2017	금천구	독산2동	1,194	3,584	31	102	100	281	286	900	450	1,351	327	950
2017	금천구	독산3동	2,174	8,040	48	162	172	456	496	1,578	830	3,712	628	2,132
2017	금천구	독산4동	1,018	3,286	21	64	103	286	257	935	410	1,399	227	602
2017	금천구	시흥1동	3,023	13,776	75	187	305	1,083	745	4,271	1,094	5,361	804	2,874
2017	금천구	시흥2동	577	2,005	7	13	45	92	132	623	216	802	177	475
2017	금천구	시흥3동	3,325	10,223	38	152	231	643	956	2,825	1,374	4,209	726	2,394
2017	금천구	시흥4동	855	1,975	16	30	70	140	167	489	318	890	284	426
2017	금천구	시흥5동	1,160	3,312	13	35	115	267	258	652	418	1,250	356	1,108
2017	영등포구	소계	43,163	362,800	923	2,800	5,313	21,443	11,137	70,215	14,786	157,757	11,004	110,585
2017	영등포구	여의동	8,082	150,277	167	659	1,114	5,459	2,371	24,483	2,776	66,224	1,654	53,452
2017	영등포구	당산1동	3,153	19,916	75	194	398	1,693	874	3,721	1,010	9,522	796	4,786
2017	영등포구	당산2동	2,245	20,112	48	135	348	1,357	670	4,073	743	9,001	436	5,546
2017	영등포구	양평1동	3,114	23,033	54	152	272	1,500	692	6,501	1,042	8,965	1,054	5,915
2017	영등포구	양평2동	2,102	18,290	39	112	284	1,176	629	4,149	679	8,463	471	4,390
2017	영등포구	신길1동	1,157	6,772	26	50	130	350	248	717	399	2,183	354	3,472
2017	영등포구	신길3동	1,555	3,105	17	63	95	248	230	662	464	1,038	749	1,094
2017	영등포구	신길4동	484	1,637	3	5	34	119	114	297	153	836	180	380
2017	영등포구	신길5동	604	2,753	11	28	67	153	134	301	224	1,604	168	667
2017	영등포구	신길6동	1,282	4,564	24	46	162	548	300	1,024	464	1,944	332	1,002
2017	영등포구	신길7동	594	2,615	27	53	65	198	153	581	194	876	155	907
2017	영등포구	대림1동	1,094	4,347	29	60	137	359	242	697	379	1,084	307	2,147
2017	영등포구	대림2동	1,415	4,615	54	123	204	488	363	971	488	1,375	306	1,658
2017	영등포구	대림3동	2,140	9,929	56	165	224	764	615	2,314	767	4,289	478	2,397
2017	영등포구	영등포본동	1,482	5,520	34	94	279	735	396	1,288	431	2,109	342	1,294
2017	영등포구	영등포동	6,320	39,149	135	456	805	3,201	1,440	7,785	2,145	18,128	1,795	9,579
2017	영등포구	도림동	1,052	3,638	26	84	119	311	282	1,299	374	1,415	251	529
2017	영등포구	문래동	5,288	42,528	98	321	576	2,784	1,384	9,352	2,054	18,701	1,176	11,370
2017	동작구	소계	19,966	110,422	513	1,486	2,676	9,407	4,921	28,155	6,401	38,333	5,455	33,041
2017	동작구	노량진2동	1,634	6,715	31	84	178	567	396	2,313	567	1,896	462	1,855
2017	동작구	상도1동	1,697	8,757	48	175	269	880	469	1,725	521	2,768	390	3,209
2017	동작구	상도2동	1,344	5,059	33	81	174	626	331	1,257	428	1,988	378	1,107
2017	동작구	상도3동	1,017	2,937	20	45	112	326	221	708	310	916	354	942
2017	동작구	상도4동	934	2,787	17	30	102	400	194	703	304	809	317	845
2017	동작구	사당1동	1,856	10,295	51	146	274	985	467	3,004	609	3,566	455	2,594
2017	동작구	사당3동	959	4,219	26	80	121	360	256	1,174	296	1,281	260	1,324
2017	동작구	사당4동	664	1,791	16	32	80	204	135	364	220	705	213	486
2017	동작구	사당5동	508	1,738	8	16	78	236	133	563	152	536	137	387
2017	동작구	대방동	1,734	12,303	49	121	233	996	460	3,030	511	4,412	481	3,744
2017	동작구	신대방1동	1,052	4,104	23	49	118	314	274	864	358	1,730	279	1,147
2017	동작구	신대방2동	1,238	23,348	29	137	171	770	309	7,997	426	7,856	303	6,588
2017	동작구	흑석동	1,514	10,524	52	172	182	614	360	1,131	507	2,663	413	5,944
2017	동작구	노량진1동	2,148	9,368	58	193	282	1,099	509	1,979	689	4,420	610	1,677
2017	동작구	사당2동	1,667	6,477	52	125	302	1,030	407	1,343	503	2,787	403	1,192
2017	관악구	소계	26,374	115,390	798	2,455	3,524	13,197	6,251	26,379	8,400	39,799	7,401	33,560
2017	관악구	보라매동	1,407	7,026	46	124	244	691	362	1,419	437	2,500	318	2,292
2017	관악구	청림동	446	1,262	9	22	65	183	103	312	134	440	135	305
2017	관악구	행운동	1,480	6,467	56	173	213	729	404	2,457	424	1,480	383	1,628
2017	관악구	낙성대동	1,323	7,768	63	213	259	1,496	295	1,707	383	2,508	323	1,844
2017	관악구	중앙동	1,028	4,941	21	64	144	646	285	1,225	313	2,006	265	1,000
2017	관악구	인헌동	1,025	4,017	31	92	160	476	251	936	330	1,462	253	1,051
2017	관악구	남현동	846	4,905	35	112	118	519	183	1,298	275	1,719	235	1,257
2017	관악구	서원동	1,312	7,024	40	168	260	1,121	354	1,566	390	2,179	268	1,990
2017	관악구	신원동	847	2,355	24	56	97	222	194	593	288	926	244	558
2017	관악구	서림동	1,311	3,331	30	67	89	248	211	828	358	978	623	1,210
2017	관악구	신사동	1,384	4,721	38	137	170	475	338	1,288	513	1,938	325	883
2017	관악구	신림동	1,659	5,964	92	263	311	1,241	465	1,631	452	1,774	339	1,055
2017	관악구	난향동	426	2,144	16	44	60	154	105	811	123	583	122	552
2017	관악구	조원동	2,215	7,919	44	183	235	785	493	1,889	791	3,226	652	1,836
2017	관악구	대학동	1,669	12,981	72	236	248	743	388	1,415	508	2,840	453	7,747
2017	관악구	은천동	1,640	7,316	44	101	174	498	392	2,090	557	2,370	473	2,257
2017	관악구	성현동	877	2,928	18	45	92	266	205	635	299	1,168	263	814
2017	관악구	청룡동	1,856	11,363	56	185	258	1,108	487	2,231	569	5,344	486	2,495
2017	관악구	난곡동	973	2,426	17	47	101	282	208	472	323	984	324	641
2017	관악구	삼성동	1,052	2,338	13	19	64	159	181	439	368	995	426	726
2017	관악구	미성동	1,598	6,194	33	104	162	1,155	347	1,137	565	2,379	491	1,419
2017	서초구	소계	46,207	436,763	859	3,020	6,451	28,201	13,996	90,560	15,023	190,212	9,878	124,770
2017	서초구	서초1동	3,612	34,095	53	146	475	1,839	1,117	7,369	1,149	12,136	818	12,605
2017	서초구	서초2동	4,356	53,006	74	550	646	2,682	1,437	9,056	1,339	22,939	860	17,779
2017	서초구	서초3동	7,525	78,122	144	466	1,025	4,650	2,351	17,157	2,522	39,319	1,483	16,530
2017	서초구	서초4동	2,869	27,550	41	191	426	2,975	854	6,561	921	13,062	627	4,761
2017	서초구	잠원동	2,137	17,616	37	94	319	1,519	684	4,858	693	8,841	404	2,304
2017	서초구	반포본동	682	2,652	13	47	67	153	169	523	208	820	225	1,109
2017	서초구	반포1동	1,508	9,952	43	111	319	1,574	469	2,404	434	4,149	243	1,714
2017	서초구	반포2동	455	2,670	9	25	58	167	134	650	136	1,230	118	598
2017	서초구	반포3동	969	7,480	19	57	121	475	292	1,566	298	1,690	239	3,692
2017	서초구	반포4동	3,586	30,004	58	208	579	2,968	992	5,574	1,080	11,038	877	10,216
2017	서초구	방배본동	1,583	8,705	32	86	252	986	474	2,591	521	3,663	304	1,379
2017	서초구	방배1동	1,805	17,008	33	114	267	1,363	586	4,151	577	7,303	342	4,077
2017	서초구	방배2동	1,977	18,695	65	217	283	1,060	530	2,673	655	11,940	444	2,805
2017	서초구	방배3동	1,196	14,893	17	61	139	656	296	2,806	431	6,337	313	5,033
2017	서초구	방배4동	2,396	14,199	56	170	345	1,101	680	4,117	782	5,193	533	3,618
2017	서초구	양재1동	3,599	43,639	87	266	469	1,649	1,092	8,614	1,133	15,071	818	18,039
2017	서초구	양재2동	5,271	49,006	65	179	600	2,120	1,671	9,018	1,881	20,757	1,054	16,932
2017	서초구	내곡동	681	7,471	13	32	61	264	168	872	263	4,724	176	1,579
2017	강남구	소계	72,511	679,047	1,926	6,209	13,328	62,607	23,539	180,516	21,082	262,865	12,636	166,850
2017	강남구	신사동	4,365	26,783	127	401	1,076	5,048	1,590	10,490	1,057	6,840	515	4,004
2017	강남구	논현1동	5,578	40,669	186	606	1,278	5,909	1,994	14,165	1,359	12,629	761	7,360
2017	강남구	논현2동	5,542	59,822	149	498	1,135	5,750	1,928	16,051	1,531	22,250	799	15,273
2017	강남구	삼성1동	4,169	62,947	77	228	555	4,083	1,324	14,121	1,428	26,297	785	18,218
2017	강남구	삼성2동	3,740	42,389	108	290	723	2,650	1,222	12,856	1,080	17,089	607	9,504
2017	강남구	대치1동	1,133	7,278	23	70	141	645	386	2,579	404	2,571	179	1,413
2017	강남구	대치4동	3,699	29,228	83	273	694	3,061	1,294	7,426	1,047	8,465	581	10,003
2017	강남구	역삼1동	15,590	146,000	535	1,689	3,169	13,982	5,275	41,800	4,319	54,402	2,292	34,127
2017	강남구	역삼2동	3,480	40,049	75	227	544	2,768	1,134	9,382	1,090	16,765	637	10,907
2017	강남구	도곡1동	1,688	15,994	50	132	264	987	504	3,064	540	6,586	330	5,225
2017	강남구	도곡2동	1,858	22,508	48	140	244	1,015	583	6,418	651	8,037	332	6,898
2017	강남구	개포1동	467	1,460	9	28	26	43	77	552	146	388	209	449
2017	강남구	개포4동	2,182	11,888	29	79	262	1,058	739	3,549	796	4,741	356	2,461
2017	강남구	일원본동	448	8,210	4	13	50	114	99	394	172	6,922	123	767
2017	강남구	일원1동	2,162	7,064	19	70	131	421	258	967	638	2,613	1,116	2,993
2017	강남구	일원2동	646	8,831	5	7	70	205	148	919	249	3,309	174	4,391
2017	강남구	수서동	1,527	17,219	23	190	151	712	390	3,276	607	8,878	356	4,163
2017	강남구	세곡동	1,025	5,389	22	66	170	530	276	1,272	321	2,728	236	793
2017	강남구	압구정동	4,131	28,141	110	489	946	4,635	1,458	9,675	995	9,272	622	4,070
2017	강남구	청담동	4,432	39,229	98	314	877	4,317	1,481	10,900	1,204	13,711	772	9,987
2017	강남구	대치2동	3,965	54,807	131	346	715	4,351	1,207	10,131	1,209	27,043	703	12,936
2017	강남구	개포2동	684	3,142	15	53	107	323	172	529	239	1,329	151	908
2017	송파구	소계	46,676	329,447	1,001	3,219	6,259	24,681	12,703	66,986	16,178	150,815	10,535	83,746
2017	송파구	풍납1동	752	2,611	15	39	63	196	191	781	260	918	223	677
2017	송파구	풍납2동	1,168	15,033	17	60	133	460	276	1,410	417	10,562	325	2,541
2017	송파구	거여1동	839	3,732	14	35	87	226	223	709	348	2,321	167	441
2017	송파구	거여2동	905	4,088	13	29	77	265	225	1,024	326	1,576	264	1,194
2017	송파구	마천1동	960	2,333	11	23	77	141	217	590	352	911	303	668
2017	송파구	마천2동	1,352	4,337	21	44	137	432	313	913	511	1,687	370	1,261
2017	송파구	방이1동	1,382	9,915	31	109	201	698	403	1,651	466	4,488	281	2,969
2017	송파구	방이2동	2,940	21,081	82	316	435	2,628	833	4,522	1,017	9,421	573	4,194
2017	송파구	오륜동	522	4,455	7	12	43	274	125	373	188	1,880	159	1,916
2017	송파구	오금동	2,378	15,311	45	109	259	995	664	4,653	907	6,602	503	2,952
2017	송파구	송파1동	2,535	14,100	66	183	314	1,503	649	3,555	954	5,628	552	3,231
2017	송파구	송파2동	893	4,134	25	67	150	374	240	738	305	1,877	173	1,078
2017	송파구	석촌동	2,570	15,121	63	231	363	1,917	679	3,508	894	5,987	571	3,478
2017	송파구	삼전동	2,080	14,428	37	252	349	1,064	546	2,496	715	7,482	433	3,134
2017	송파구	가락본동	3,587	26,403	88	239	481	1,756	1,020	5,601	1,332	12,725	666	6,082
2017	송파구	가락1동	2,800	10,718	11	33	200	574	649	2,159	992	4,239	948	3,713
2017	송파구	가락2동	1,869	9,696	44	104	202	620	564	2,658	679	3,888	380	2,426
2017	송파구	문정1동	1,370	9,087	27	54	165	474	380	3,315	505	2,657	293	2,587
2017	송파구	문정2동	5,153	41,271	118	356	740	2,874	1,532	7,648	1,676	20,896	1,087	9,497
2017	송파구	장지동	1,388	10,344	31	59	179	638	334	2,181	506	3,439	338	4,027
2017	송파구	위례동	533	3,457	19	67	120	412	168	1,312	154	1,192	72	474
2017	송파구	잠실본동	3,037	22,895	85	254	513	2,135	919	4,723	944	7,475	576	8,308
2017	송파구	잠실4동	495	1,957	9	29	86	305	129	451	150	645	121	527
2017	송파구	잠실6동	2,620	46,806	61	303	398	2,040	668	6,840	809	24,543	684	13,080
2017	송파구	잠실7동	202	1,244	-	-	20	51	42	158	84	669	56	366
2017	송파구	잠실2동	757	4,563	16	42	152	507	241	918	227	2,120	121	976
2017	송파구	잠실3동	1,589	10,327	45	170	315	1,122	473	2,099	460	4,987	296	1,949
2017	강동구	소계	29,952	146,512	433	1,134	3,221	10,332	6,890	29,886	10,148	61,297	9,260	43,863
2017	강동구	강일동	955	14,962	12	34	89	307	274	1,721	299	10,013	281	2,887
2017	강동구	상일동	976	5,538	13	30	61	161	208	564	379	1,720	315	3,063
2017	강동구	명일1동	1,665	6,341	22	71	195	565	391	1,930	569	2,494	488	1,281
2017	강동구	명일2동	1,134	4,752	11	22	145	532	318	1,175	392	2,068	268	955
2017	강동구	고덕1동	714	2,390	5	18	63	123	171	471	288	1,003	187	775
2017	강동구	고덕2동	1,666	3,034	4	6	32	69	146	277	469	1,230	1,015	1,452
2017	강동구	암사2동	864	5,290	15	36	108	272	191	879	280	2,205	270	1,898
2017	강동구	암사3동	614	2,121	7	10	70	147	145	565	198	895	194	504
2017	강동구	천호1동	1,575	6,253	20	53	137	405	347	1,469	564	2,623	507	1,703
2017	강동구	천호3동	1,859	7,527	38	94	230	637	437	2,108	624	2,128	530	2,560
2017	강동구	성내1동	2,102	22,241	28	68	201	620	556	3,551	720	12,868	597	5,134
2017	강동구	성내2동	1,952	7,860	40	80	261	989	431	1,874	696	2,595	524	2,322
2017	강동구	성내3동	2,427	9,289	42	95	282	934	590	2,104	866	3,172	647	2,984
2017	강동구	둔촌1동	102	540	2	2	2	2	21	63	38	208	39	265
2017	강동구	둔촌2동	1,627	9,182	28	72	162	523	317	1,313	620	2,285	500	4,989
2017	강동구	암사1동	1,936	5,684	23	57	208	634	446	1,298	640	2,094	619	1,601
2017	강동구	천호2동	3,730	14,996	77	262	543	1,879	947	3,999	1,141	5,414	1,022	3,442
2017	강동구	길동	4,054	18,512	46	124	432	1,533	954	4,525	1,365	6,282	1,257	6,048