기간	자치구	동	합계	합계	합계	합계	합계	농업 임업 및 어업	농업 임업 및 어업	광업	광업	제조업	제조업	전기 가스 증기 및 공기조절 공급업	전기 가스 증기 및 공기조절 공급업	수도 하수 및 폐기물 처리 원료 재생업	수도 하수 및 폐기물 처리 원료 재생업	건설업	건설업	도매 및 소매업	도매 및 소매업	운수 및 창고업	운수 및 창고업	숙박 및 음식점업	숙박 및 음식점업	정보통신업	정보통신업	금융 및 보험업	금융 및 보험업	부동산업	부동산업	전문 과학 및 기술 서비스업	전문 과학 및 기술 서비스업	사업시설 관리 사업 지원 및 임대 서비스업	사업시설 관리 사업 지원 및 임대 서비스업	공공행정 국방 및 사회보장 행정	공공행정 국방 및 사회보장 행정	교육 서비스업	교육 서비스업	보건업 및 사회복지 서비스업	보건업 및 사회복지 서비스업	예술 스포츠 및 여가관련 서비스업	예술 스포츠 및 여가관련 서비스업	협회 및 단체 수리 및 기타 개인 서비스업	협회 및 단체 수리 및 기타 개인 서비스업
기간	자치구	동	사업체수	사업체수	종사자수	종사자수	종사자수	사업체수	종사자수	사업체수	종사자수	사업체수	종사자수	사업체수	종사자수	사업체수	종사자수	사업체수	종사자수	사업체수	종사자수	사업체수	종사자수	사업체수	종사자수	사업체수	종사자수	사업체수	종사자수	사업체수	종사자수	사업체수	종사자수	사업체수	종사자수	사업체수	종사자수	사업체수	종사자수	사업체수	종사자수	사업체수	종사자수	사업체수	종사자수
기간	자치구	동	사업체수	여성대표자	계	남	여	사업체수	종사자수	사업체수	종사자수	사업체수	종사자수	사업체수	종사자수	사업체수	종사자수	사업체수	종사자수	사업체수	종사자수	사업체수	종사자수	사업체수	종사자수	사업체수	종사자수	사업체수	종사자수	사업체수	종사자수	사업체수	종사자수	사업체수	종사자수	사업체수	종사자수	사업체수	종사자수	사업체수	종사자수	사업체수	종사자수	사업체수	종사자수
2017	합계	합계	822,863	278,152	5,119,913	2,848,150	2,271,763	29	469	21	66	61,583	277,920	139	5,576	445	8,963	22,228	385,208	228,295	888,464	93,702	274,793	130,195	474,515	23,206	345,030	11,165	268,252	39,677	158,593	38,937	437,822	15,950	478,382	1,296	138,150	34,762	341,732	28,683	358,563	22,913	86,452	69,637	190,963
2017	종로구	소계	40,490	13,577	268,702	154,100	114,602	3	30	4	10	4,450	13,078	7	363	6	136	339	30,754	17,025	44,263	1,350	6,818	6,724	26,577	883	18,628	551	21,634	1,301	7,223	1,499	20,315	1,242	18,625	90	16,504	852	13,317	732	15,954	926	6,198	2,506	8,275
2017	종로구	사직동	3,544	1,147	52,489	31,029	21,460	1	16	-	-	72	217	1	8	2	31	37	7,331	578	3,485	245	1,911	872	4,027	187	2,645	124	4,680	147	1,228	336	7,817	395	7,298	19	7,667	86	898	97	764	95	1,546	250	920
2017	종로구	삼청동	753	360	4,507	2,225	2,282	-	-	-	-	16	82	-	-	-	-	8	42	290	880	19	59	236	908	20	116	8	58	15	35	49	330	21	73	4	1,229	16	279	7	28	17	172	27	216
2017	종로구	부암동	567	235	4,147	2,137	2,010	-	-	1	5	24	122	-	-	-	-	23	62	101	541	37	40	127	386	22	145	3	33	23	47	30	108	9	25	3	58	43	1,543	12	153	15	73	94	806
2017	종로구	평창동	739	327	3,547	1,679	1,868	-	-	-	-	15	101	-	-	-	-	23	98	147	506	40	133	153	529	13	86	9	72	51	139	33	256	12	34	3	77	60	661	34	385	32	167	114	303
2017	종로구	무악동	531	104	1,457	729	728	-	-	-	-	6	11	-	-	-	-	8	55	47	102	330	340	26	73	1	1	3	20	15	74	3	3	3	12	1	14	24	174	10	469	5	14	49	95
2017	종로구	교남동	347	131	3,816	1,553	2,263	-	-	-	-	7	15	-	-	-	-	9	52	77	264	32	67	64	207	9	41	6	21	32	48	8	197	9	22	2	37	14	165	18	2,490	9	31	51	159
2017	종로구	가회동	747	366	13,681	10,225	3,456	-	-	-	-	33	287	-	-	-	-	12	7,896	180	465	18	22	245	902	20	918	8	97	26	53	52	1,321	20	198	3	368	31	657	14	155	33	147	52	195
2017	종로구	종로1.2.3.4가동	15,851	5,042	111,270	66,889	44,381	-	-	3	5	1,927	5,316	5	353	2	18	78	14,262	7,386	19,530	176	2,318	2,383	10,719	353	11,853	229	13,723	461	4,021	595	7,295	568	8,385	25	4,922	292	2,831	198	1,534	258	1,261	912	2,924
2017	종로구	종로5·6가동	7,613	2,486	23,581	14,491	9,090	1	1	-	-	916	2,696	-	-	-	-	25	230	5,107	10,947	69	1,079	621	1,872	63	1,206	36	1,112	166	621	91	665	65	1,125	5	316	42	325	105	463	40	162	261	761
2017	종로구	이화동	1,289	442	17,511	7,128	10,383	1	13	-	-	101	339	1	2	-	-	14	60	242	1,201	30	100	375	2,069	64	812	9	69	47	143	68	1,081	16	220	3	75	45	2,307	30	7,833	140	804	103	383
2017	종로구	창신1동	2,302	717	6,734	3,254	3,480	-	-	-	-	348	1,006	-	-	1	49	9	22	1,284	2,506	45	140	262	810	12	41	34	546	61	208	27	106	23	366	1	19	12	98	44	330	43	210	96	277
2017	종로구	창신2동	871	288	2,332	1,038	1,294	-	-	-	-	405	1,157	-	-	-	-	10	12	125	216	38	51	120	302	5	5	4	32	17	20	6	19	8	11	2	81	7	20	27	267	19	33	78	106
2017	종로구	창신3동	264	81	851	440	411	-	-	-	-	45	121	-	-	1	38	8	17	48	124	47	87	28	57	3	6	1	7	22	65	3	13	1	1	2	63	14	126	8	75	4	8	29	43
2017	종로구	숭인1동	507	176	1,433	664	769	-	-	-	-	173	446	-	-	-	-	6	10	91	241	42	67	52	131	8	16	2	14	20	42	12	37	9	41	1	20	13	51	23	212	6	17	49	88
2017	종로구	숭인2동	1,812	522	6,657	3,069	3,588	-	-	-	-	284	940	-	-	-	-	25	261	770	1,683	58	112	259	635	22	56	50	946	84	239	38	270	33	655	3	82	28	320	25	92	36	185	97	181
2017	종로구	청운효자동	1,016	463	5,891	3,143	2,748	-	-	-	-	44	111	-	-	-	-	21	113	249	566	47	138	255	706	34	207	15	116	48	92	74	355	17	78	9	1,361	51	677	32	436	20	548	100	387
2017	종로구	혜화동	1,737	690	8,798	4,407	4,391	-	-	-	-	34	111	-	-	-	-	23	231	303	1,006	77	154	646	2,244	47	474	10	88	66	148	74	442	33	81	4	115	74	2,185	48	268	154	820	144	431
2017	중구	소계	62,936	23,334	386,648	212,533	174,115	-	-	2	3	9,947	30,475	5	689	9	343	402	5,462	32,867	97,809	1,484	14,172	6,141	31,793	929	25,116	1,260	51,405	1,661	8,913	2,698	35,960	1,484	36,580	63	18,145	454	8,307	734	9,437	574	3,546	2,222	8,493
2017	중구	소공동	3,918	1,187	59,386	33,640	25,746	-	-	-	-	97	244	1	2	-	-	28	745	1,341	8,745	272	5,731	719	6,007	97	4,331	261	15,192	129	1,111	372	7,250	265	6,454	3	49	45	758	67	815	41	482	180	1,470
2017	중구	회현동	9,425	4,876	48,533	26,230	22,303	-	-	-	-	211	864	-	-	-	-	20	1,058	7,551	20,584	104	2,141	638	3,457	36	2,827	190	6,926	143	1,014	80	4,508	100	2,583	7	510	21	197	65	553	37	678	222	633
2017	중구	명동	6,770	1,966	107,800	58,903	48,897	-	-	-	-	308	1,234	3	685	1	19	35	829	1,858	11,785	254	3,299	1,340	8,683	213	11,078	482	23,994	336	2,848	535	9,633	557	14,158	16	13,754	55	750	178	1,894	68	438	531	2,719
2017	중구	필동	3,075	801	23,521	13,605	9,916	-	-	-	-	1,074	4,409	-	-	1	41	21	202	387	1,610	36	122	469	1,719	139	2,201	53	946	105	310	446	2,602	83	2,600	7	912	50	3,736	36	1,239	51	454	117	418
2017	중구	장충동	855	243	9,592	5,718	3,874	-	-	-	-	110	467	-	-	2	187	9	739	220	1,447	29	272	174	2,202	50	1,046	8	69	35	199	70	1,339	26	579	3	114	20	128	14	105	18	411	67	288
2017	중구	광희동	9,253	3,204	39,108	21,223	17,885	-	-	1	2	2,678	7,939	-	-	-	-	38	502	4,588	14,038	91	489	727	3,510	89	845	89	1,157	169	1,036	371	4,363	104	1,315	3	1,426	21	214	45	1,475	62	215	177	582
2017	중구	을지로동	9,453	2,086	32,444	21,002	11,442	-	-	-	-	3,720	9,150	-	-	-	-	57	333	3,799	9,749	85	475	548	1,860	138	1,245	79	1,607	199	506	435	3,223	101	2,100	4	614	20	115	44	809	61	186	163	472
2017	중구	신당5동	1,305	473	4,064	1,869	2,195	-	-	1	1	314	1,270	-	-	-	-	24	76	352	835	59	118	226	547	12	46	6	119	59	107	23	83	12	31	2	42	18	253	39	268	40	84	118	184
2017	중구	황학동	1,867	595	5,696	3,259	2,437	-	-	-	-	197	471	-	-	-	-	14	72	1,057	2,598	58	93	273	699	4	15	14	111	50	157	22	85	10	773	2	20	15	90	27	185	28	63	96	264
2017	중구	중림동	982	309	6,948	3,609	3,339	-	-	-	-	70	261	-	-	2	29	15	58	249	1,365	89	728	214	591	31	888	19	292	43	172	44	922	37	582	3	45	24	408	38	205	20	63	84	339
2017	중구	신당동	12,073	6,240	29,305	12,506	16,799	-	-	-	-	582	1,817	-	-	1	27	28	67	10,403	21,267	64	202	315	1,022	21	89	34	779	193	802	126	380	94	1,115	7	510	13	424	28	365	44	186	120	253
2017	중구	다산동	1,396	437	9,014	5,148	3,866	-	-	-	-	168	600	1	2	-	-	46	279	384	1,398	102	147	192	581	47	277	9	90	58	143	85	1,126	55	3,096	1	19	41	428	53	399	38	93	116	336
2017	중구	약수동	841	343	3,624	1,684	1,940	-	-	-	-	42	156	-	-	1	22	23	123	205	686	94	145	128	418	24	96	6	49	51	235	33	114	17	266	3	97	40	184	52	747	25	79	97	207
2017	중구	청구동	785	262	4,116	2,478	1,638	-	-	-	-	115	539	-	-	1	18	29	336	215	740	88	138	78	252	15	102	4	20	39	144	33	161	11	798	1	19	46	433	25	230	16	54	69	132
2017	중구	동화동	938	312	3,497	1,659	1,838	-	-	-	-	261	1,054	-	-	-	-	15	43	258	962	59	72	100	245	13	30	6	54	52	129	23	171	12	130	1	14	25	189	23	148	25	60	65	196
2017	용산구	소계	20,806	7,021	133,260	73,658	59,602	-	-	-	-	1,054	3,446	4	11	11	142	423	6,834	7,258	27,506	1,367	3,919	4,453	18,201	525	9,492	292	5,921	1,083	4,426	784	17,785	348	10,838	50	3,219	539	7,297	554	6,367	410	2,188	1,651	5,668
2017	용산구	후암동	859	322	5,156	2,239	2,917	-	-	-	-	59	165	-	-	-	-	24	371	204	547	114	123	176	489	24	455	4	17	49	80	22	79	8	1,822	3	107	38	259	40	355	10	106	84	181
2017	용산구	용산2가동	557	191	1,899	970	929	-	-	-	-	28	66	-	-	-	-	10	34	113	247	86	126	160	504	10	87	2	11	28	48	20	41	5	20	1	18	16	396	15	169	11	63	52	69
2017	용산구	남영동	1,714	598	17,940	9,437	8,503	-	-	-	-	81	340	1	4	1	13	28	1,579	425	2,392	49	938	492	2,091	52	780	80	2,860	49	196	78	3,328	70	1,647	4	68	39	236	63	466	64	353	138	649
2017	용산구	원효로2동	1,010	270	5,783	3,520	2,263	-	-	-	-	26	102	-	-	2	53	23	142	449	2,149	104	285	107	248	29	569	6	45	50	207	27	260	17	893	1	18	42	383	24	163	17	40	86	226
2017	용산구	효창동	462	150	2,249	1,295	954	-	-	-	-	20	59	-	-	-	-	28	575	99	359	87	119	52	119	13	56	4	32	25	68	12	56	8	92	1	19	33	194	30	304	11	49	39	148
2017	용산구	용문동	660	277	1,783	903	880	-	-	-	-	30	110	-	-	-	-	21	54	209	649	92	111	112	258	13	69	3	17	30	69	7	13	3	24	1	19	26	76	30	165	11	18	72	131
2017	용산구	이촌1동	813	398	3,701	1,549	2,152	-	-	-	-	4	10	-	-	-	-	14	46	227	563	26	27	191	792	4	34	18	168	90	451	12	129	2	9	3	54	48	545	58	449	20	98	96	326
2017	용산구	이촌2동	350	102	827	538	289	-	-	-	-	11	21	-	-	2	19	11	23	79	211	97	107	35	67	7	49	2	18	32	87	4	11	3	6	2	45	11	18	11	53	2	2	41	90
2017	용산구	이태원1동	1,652	675	7,557	4,272	3,285	-	-	-	-	55	112	1	4	-	-	11	45	639	1,222	34	72	631	3,167	21	123	24	114	41	162	38	388	20	96	5	1,450	9	83	22	264	17	49	84	206
2017	용산구	이태원2동	752	269	3,241	1,872	1,369	-	-	-	-	24	65	-	-	-	-	16	144	168	570	61	82	290	977	11	78	11	47	51	608	25	243	4	12	1	21	16	203	19	95	11	35	44	61
2017	용산구	서빙고동	385	126	4,555	2,800	1,755	-	-	-	-	9	37	-	-	1	2	19	868	99	855	67	275	52	200	8	585	6	29	23	189	13	85	5	38	2	47	27	255	5	46	9	514	40	530
2017	용산구	보광동	844	349	1,925	1,003	922	-	-	-	-	28	45	-	-	1	36	24	48	203	353	122	131	182	370	2	7	4	27	54	100	15	82	5	35	2	53	27	277	31	162	18	28	126	171
2017	용산구	청파동	1,881	687	9,383	4,380	5,003	-	-	-	-	379	1,231	1	1	1	1	26	129	382	1,067	135	233	397	1,062	63	466	12	105	78	168	46	328	34	387	3	31	57	2,910	37	450	42	189	188	625
2017	용산구	원효로1동	1,815	549	9,716	5,760	3,956	-	-	-	-	99	341	1	2	1	2	40	356	732	3,180	79	220	326	855	47	270	30	452	99	375	77	667	24	1,232	6	491	35	335	49	480	39	118	131	340
2017	용산구	한강로동	4,972	1,288	40,821	24,465	16,356	-	-	-	-	129	490	-	-	2	16	67	1,120	2,752	10,683	112	830	665	3,502	165	5,348	61	1,271	223	1,221	221	9,430	86	3,619	12	709	69	567	68	685	62	138	278	1,192
2017	용산구	한남동	2,080	770	16,724	8,655	8,069	-	-	-	-	72	252	-	-	-	-	61	1,300	478	2,459	102	240	585	3,500	56	516	25	708	161	397	167	2,645	54	906	3	69	46	560	52	2,061	66	388	152	723
2017	성동구	소계	27,278	8,237	167,308	98,497	68,811	1	2	-	-	4,612	28,130	5	410	30	745	649	5,981	7,250	32,412	2,683	8,295	3,786	11,744	744	8,701	293	4,023	1,272	5,433	1,199	11,663	385	15,503	47	4,373	886	11,311	743	8,357	593	2,529	2,100	7,696
2017	성동구	왕십리2동	803	295	2,718	1,180	1,538	-	-	-	-	169	626	-	-	-	-	23	122	139	389	112	115	94	217	7	16	5	31	61	193	9	111	10	60	2	23	36	204	33	292	20	53	83	266
2017	성동구	마장동	3,282	808	11,918	7,884	4,034	-	-	-	-	313	1,143	1	79	2	23	48	409	1,730	5,537	539	936	220	589	17	42	9	143	79	199	40	406	20	927	3	186	44	334	54	473	28	108	135	384
2017	성동구	사근동	1,106	381	11,748	5,931	5,817	-	-	-	-	47	181	-	-	2	6	9	28	161	515	66	100	476	1,805	24	69	7	49	48	101	34	736	21	75	3	188	46	5,349	13	2,084	69	185	80	277
2017	성동구	행당1동	1,459	582	9,210	4,482	4,728	-	-	-	-	83	281	1	2	1	188	26	354	443	1,496	90	197	314	1,446	28	245	15	211	68	283	29	176	21	98	7	2,269	71	426	72	617	46	348	144	573
2017	성동구	행당2동	592	267	2,046	864	1,182	-	-	-	-	12	26	-	-	-	-	22	70	110	299	106	116	67	218	1	2	4	36	39	218	6	14	4	13	2	49	84	544	46	263	12	51	77	127
2017	성동구	응봉동	379	130	1,053	507	546	-	-	-	-	12	24	-	-	1	2	17	37	61	116	106	113	39	98	2	3	1	4	22	125	1	2	1	5	2	44	39	277	19	102	10	16	46	85
2017	성동구	금호1가동	506	188	1,701	782	919	-	-	-	-	41	132	-	-	-	-	14	73	81	251	103	121	60	181	3	4	3	20	32	91	4	9	8	45	2	48	42	284	30	226	14	49	69	167
2017	성동구	금호4가동	635	262	1,894	876	1,018	-	-	-	-	38	116	-	-	1	2	11	102	131	325	80	98	113	276	4	6	7	68	38	114	13	41	5	6	2	21	37	249	42	259	26	61	87	150
2017	성동구	성수1가1동	1,601	422	8,806	5,263	3,543	-	-	-	-	458	2,219	-	-	1	115	30	176	344	1,642	141	219	130	415	73	757	10	117	87	284	102	894	22	237	2	26	60	499	27	201	28	782	86	223
2017	성동구	성수1가2동	2,346	601	17,723	10,811	6,912	-	-	-	-	488	2,952	1	6	7	67	82	862	498	3,418	169	1,263	324	910	155	2,126	22	625	105	566	176	1,481	44	2,077	3	27	65	431	34	219	39	63	134	630
2017	성동구	성수2가1동	2,605	718	18,333	11,709	6,624	-	-	-	-	708	4,624	-	-	-	-	54	513	620	4,498	189	471	371	1,006	106	1,939	7	129	85	264	126	1,327	31	1,265	5	902	36	470	42	261	52	124	173	540
2017	성동구	성수2가3동	5,203	1,132	47,180	29,959	17,221	1	2	-	-	1,531	12,480	-	-	4	25	162	2,441	1,213	8,333	391	1,674	466	1,556	240	3,123	49	840	196	1,445	439	5,106	100	6,497	3	83	46	569	46	442	82	196	234	2,368
2017	성동구	송정동	692	188	2,393	1,402	991	-	-	-	-	117	505	-	-	2	4	33	134	145	331	117	148	76	136	5	14	2	5	23	47	60	331	3	9	2	265	15	78	13	177	13	20	66	189
2017	성동구	용답동	2,089	574	13,476	9,071	4,405	-	-	-	-	204	1,221	2	323	8	289	41	238	741	2,808	134	2,220	259	717	36	141	93	596	86	225	68	668	53	2,518	2	52	40	160	45	473	48	113	229	714
2017	성동구	왕십리도선동	2,079	829	11,017	5,074	5,943	-	-	-	-	254	1,101	-	-	1	24	33	168	473	1,501	132	242	437	1,305	23	143	45	1,053	150	827	51	228	29	1,631	3	84	97	701	115	1,338	52	156	184	515
2017	성동구	금호2.3가동	1,034	470	2,867	1,250	1,617	-	-	-	-	102	312	-	-	-	-	16	138	208	463	138	175	207	419	3	9	8	52	70	165	10	44	6	27	2	54	43	180	60	543	22	70	139	216
2017	성동구	옥수동	867	390	3,225	1,452	1,773	-	-	-	-	35	187	-	-	-	-	28	116	152	490	70	87	133	450	17	62	6	44	83	286	31	89	7	13	2	52	85	556	52	387	32	134	134	272
2017	광진구	소계	24,688	8,912	125,170	69,037	56,133	1	3	-	-	1,853	7,616	2	3	16	240	796	12,798	6,103	19,488	2,518	6,133	4,675	16,498	391	3,791	223	4,579	1,201	3,241	726	4,061	440	9,998	36	2,523	1,159	14,191	904	10,686	1,052	3,746	2,592	5,575
2017	광진구	화양동	2,437	880	15,265	7,838	7,427	-	-	-	-	70	261	1	2	-	-	33	301	440	1,554	89	323	926	3,870	53	240	15	105	105	283	65	588	60	429	2	91	68	3,685	68	2,409	202	505	240	619
2017	광진구	군자동	1,580	565	9,700	5,144	4,556	-	-	-	-	138	472	-	-	-	-	40	223	359	1,521	131	591	352	1,103	38	246	15	173	76	149	33	244	33	1,612	2	28	57	2,352	62	515	72	156	172	315
2017	광진구	중곡1동	1,612	547	6,629	3,777	2,852	-	-	-	-	293	1,352	-	-	1	2	62	456	425	1,262	151	342	258	523	19	113	9	84	67	119	36	163	24	923	2	46	36	119	46	752	43	65	140	308
2017	광진구	중곡2동	1,622	596	6,496	3,289	3,207	-	-	-	-	187	777	-	-	-	-	65	708	364	1,184	181	255	215	555	19	62	13	123	77	114	46	197	35	832	3	56	76	352	72	809	53	117	216	355
2017	광진구	중곡3동	1,330	494	5,380	2,961	2,419	-	-	-	-	235	930	-	-	-	-	48	617	276	855	178	534	216	492	5	12	4	41	49	71	11	41	13	162	2	51	31	227	52	880	54	161	156	306
2017	광진구	중곡4동	1,563	567	4,891	2,589	2,302	-	-	-	-	198	779	-	-	1	21	48	209	349	929	303	538	211	500	4	17	6	81	50	76	11	32	15	98	3	79	67	670	62	376	57	128	178	358
2017	광진구	능동	783	260	5,705	2,554	3,151	-	-	-	-	37	167	-	-	1	19	16	116	193	978	62	131	158	669	23	196	19	391	44	80	40	244	18	220	3	81	39	1,427	26	355	45	464	59	167
2017	광진구	구의1동	1,846	687	7,159	4,013	3,146	-	-	-	-	95	345	-	-	4	23	77	760	389	945	116	156	393	966	51	270	23	543	111	205	123	404	37	554	4	561	66	397	59	550	95	148	203	332
2017	광진구	구의2동	1,297	453	5,167	2,820	2,347	-	-	-	-	96	443	-	-	1	86	39	334	258	1,046	247	543	226	603	12	91	14	318	53	81	29	231	17	82	1	21	70	444	57	499	44	108	133	237
2017	광진구	구의3동	2,652	935	14,918	8,742	6,176	1	3	-	-	44	273	-	-	3	24	67	1,825	1,149	3,155	138	778	369	1,406	48	1,140	24	238	119	595	81	493	42	2,401	1	24	181	931	81	622	82	280	222	730
2017	광진구	광장동	1,419	516	16,535	10,721	5,814	-	-	-	-	56	261	1	1	2	37	71	5,353	334	1,387	78	119	225	2,086	28	93	29	1,983	111	525	68	365	33	824	2	88	130	1,529	66	495	46	1,064	139	325
2017	광진구	자양1동	1,711	629	8,543	4,802	3,741	-	-	-	-	106	426	-	-	1	25	53	566	457	1,165	182	712	277	750	35	99	12	175	87	164	57	418	34	967	3	1,194	65	275	85	1,163	56	99	201	345
2017	광진구	자양2동	1,487	484	6,271	3,530	2,741	-	-	-	-	90	423	-	-	2	3	94	483	261	748	262	535	188	494	29	980	10	128	76	258	49	224	27	320	1	23	99	783	55	398	56	112	188	359
2017	광진구	자양3동	1,353	552	6,183	2,821	3,362	-	-	-	-	48	161	-	-	-	-	35	148	307	1,420	205	300	228	1,119	8	133	16	142	97	367	32	165	20	450	3	95	128	726	50	469	36	117	140	371
2017	광진구	자양4동	1,996	747	6,328	3,436	2,892	-	-	-	-	160	546	-	-	-	-	48	699	542	1,339	195	276	433	1,362	19	99	14	54	79	154	45	252	32	124	4	85	46	274	63	394	111	222	205	448
2017	동대문구	소계	32,411	10,677	142,842	76,058	66,784	-	-	1	1	3,539	14,237	1	3	17	147	775	6,270	11,272	31,474	3,602	6,889	4,909	14,047	277	1,855	292	5,002	1,309	4,589	591	7,425	441	9,109	50	4,267	985	15,117	1,006	14,693	749	2,376	2,595	5,341
2017	동대문구	회기동	997	404	8,922	4,067	4,855	-	-	-	-	23	53	-	-	-	-	13	53	205	640	48	58	415	1,295	11	194	9	67	23	51	20	64	13	49	2	54	60	3,259	20	2,722	55	112	80	251
2017	동대문구	휘경1동	977	354	3,825	1,901	1,924	-	-	-	-	63	228	-	-	1	2	26	132	228	1,129	83	126	227	689	14	39	4	30	58	142	18	79	27	322	1	48	38	133	41	296	40	135	108	295
2017	동대문구	휘경2동	1,210	272	5,204	2,549	2,655	-	-	-	-	44	347	-	-	1	3	23	133	144	419	595	620	122	284	8	15	4	21	54	126	8	52	9	236	7	230	50	1,125	42	1,391	22	57	77	145
2017	동대문구	청량리동	1,679	600	8,818	4,798	4,020	-	-	-	-	92	295	-	-	2	36	34	195	439	1,039	166	199	329	835	15	82	17	678	72	227	80	1,495	33	557	4	597	49	783	80	1,148	72	252	195	400
2017	동대문구	용신동	5,640	1,733	33,713	18,202	15,511	-	-	-	-	995	3,774	1	3	4	38	160	1,387	2,264	6,747	228	526	703	1,920	80	512	105	2,312	248	1,194	153	3,767	108	4,896	9	2,393	85	966	101	2,047	76	496	320	735
2017	동대문구	제기동	4,750	1,657	12,275	6,860	5,415	-	-	-	-	402	1,036	-	-	1	3	60	311	2,874	6,075	177	396	525	1,234	23	90	21	226	124	295	40	350	28	244	3	125	58	402	143	869	30	105	241	514
2017	동대문구	전농1동	2,199	842	8,492	4,411	4,081	-	-	-	-	146	486	-	-	1	3	75	386	765	2,066	226	1,118	423	1,591	12	115	11	65	84	142	25	106	22	55	6	159	67	336	62	1,266	61	145	213	453
2017	동대문구	전농2동	894	320	5,038	2,660	2,378	-	-	-	-	49	166	-	-	-	-	20	166	169	470	182	186	121	385	9	20	6	49	34	135	22	209	9	37	2	117	82	2,583	47	257	32	82	110	176
2017	동대문구	답십리1동	1,961	558	7,131	3,827	3,304	-	-	1	1	122	515	-	-	-	-	39	265	621	1,559	406	679	194	459	18	51	33	376	102	294	46	235	47	977	2	74	72	430	72	854	41	121	145	241
2017	동대문구	답십리2동	2,186	584	7,251	4,387	2,864	-	-	-	-	192	698	-	-	-	-	56	433	890	2,502	319	416	210	564	7	20	10	127	85	461	18	140	23	254	3	35	55	248	77	780	48	127	193	446
2017	동대문구	장안1동	4,572	1,346	21,603	12,215	9,388	-	-	-	-	851	4,113	-	-	3	7	126	2,088	1,466	5,213	444	1,103	547	1,695	53	596	50	890	185	1,032	112	728	60	1,163	5	234	80	625	108	1,036	90	313	392	767
2017	동대문구	장안2동	3,164	1,188	11,590	5,330	6,260	-	-	-	-	475	2,237	-	-	2	18	76	249	816	2,665	383	689	542	1,665	13	81	13	89	126	255	30	131	26	153	2	60	182	1,092	113	1,464	107	262	258	480
2017	동대문구	이문1동	1,477	567	6,698	3,516	3,182	-	-	-	-	48	142	-	-	1	3	46	281	278	698	155	187	443	1,188	10	29	6	63	70	124	16	65	34	164	2	80	59	2,917	62	307	63	143	184	307
2017	동대문구	이문2동	705	252	2,282	1,335	947	-	-	-	-	37	147	-	-	1	34	21	191	113	252	190	586	108	243	4	11	3	9	44	111	3	4	2	2	2	61	48	218	38	256	12	26	79	131
2017	중랑구	소계	28,045	9,343	102,758	53,237	49,521	-	-	1	3	3,578	16,259	6	123	20	214	920	5,503	5,416	16,124	6,412	13,473	4,154	10,944	134	1,118	150	1,713	1,061	2,757	320	1,626	308	2,832	47	3,350	922	7,863	985	11,586	896	2,302	2,715	4,968
2017	중랑구	면목2동	2,035	662	6,440	3,364	3,076	-	-	-	-	465	2,081	-	-	1	7	95	389	408	997	337	670	244	521	16	74	4	60	67	129	23	87	15	103	2	73	60	278	53	556	45	87	200	328
2017	중랑구	면목4동	1,166	408	3,785	2,056	1,729	-	-	-	-	201	856	-	-	1	1	54	249	173	440	257	766	148	285	3	5	4	8	46	109	18	67	10	20	5	70	64	387	34	269	24	76	124	177
2017	중랑구	면목5동	850	257	2,865	1,680	1,185	-	-	-	-	229	954	-	-	3	20	32	120	179	554	168	529	90	182	1	4	1	12	19	27	8	18	16	78	2	62	5	36	12	91	14	27	71	151
2017	중랑구	면목7동	1,485	544	4,426	2,084	2,342	-	-	-	-	232	1,091	-	-	1	8	52	159	334	759	227	383	216	538	1	1	9	148	62	167	15	58	16	45	2	19	33	167	62	446	50	138	173	299
2017	중랑구	상봉1동	1,148	401	6,397	3,409	2,988	-	-	-	-	78	600	-	-	-	-	29	374	291	1,009	265	1,355	136	641	6	186	10	321	49	232	9	27	22	238	1	24	54	640	54	470	28	75	116	205
2017	중랑구	상봉2동	2,102	792	9,120	4,884	4,236	-	-	-	-	241	1,049	-	-	1	3	55	296	438	2,249	161	379	552	1,551	21	190	20	258	85	205	38	499	33	687	3	116	33	340	61	544	169	440	191	314
2017	중랑구	중화1동	1,096	374	3,929	1,645	2,284	-	-	-	-	132	652	1	24	1	3	40	158	188	575	253	304	100	274	7	143	5	43	53	121	20	80	11	47	2	18	79	702	48	519	20	49	136	217
2017	중랑구	중화2동	2,175	786	7,441	4,176	3,265	-	-	-	-	264	1,117	-	-	5	28	83	503	514	1,234	337	939	405	973	14	115	16	110	64	482	36	165	35	480	4	104	21	60	63	495	84	196	230	440
2017	중랑구	묵1동	1,513	537	5,749	2,732	3,017	-	-	-	-	67	385	2	84	-	-	45	507	300	1,099	351	377	249	766	10	104	14	125	91	180	15	108	12	87	2	68	69	615	69	596	51	177	166	471
2017	중랑구	묵2동	1,780	524	4,949	2,580	2,369	-	-	1	3	153	660	-	-	-	-	69	398	300	823	586	598	227	534	8	34	10	96	64	120	14	84	18	303	4	182	49	307	51	413	53	104	173	290
2017	중랑구	망우3동	1,115	376	3,914	1,880	2,034	-	-	-	-	263	1,303	1	2	-	-	45	157	184	491	235	468	125	308	2	4	3	19	32	53	5	14	17	91	1	19	33	364	37	412	20	64	112	145
2017	중랑구	신내1동	1,998	579	10,597	6,111	4,486	-	-	-	-	110	430	1	12	3	81	69	762	301	1,217	686	2,451	261	860	8	82	9	54	74	196	16	62	14	181	2	375	128	551	89	2,708	58	171	169	404
2017	중랑구	신내2동	1,115	418	5,966	2,841	3,125	-	-	-	-	13	20	1	1	-	-	28	205	219	580	309	345	130	468	7	88	4	31	47	173	30	79	21	125	7	1,959	96	747	78	836	21	95	104	214
2017	중랑구	면목본동	2,511	953	7,756	3,623	4,133	-	-	-	-	456	2,021	-	-	1	2	88	628	547	1,381	363	463	392	957	11	32	11	87	115	180	24	64	21	92	3	80	64	427	87	827	61	134	267	381
2017	중랑구	면목3.8동	2,100	751	7,089	3,513	3,576	-	-	-	-	328	1,347	-	-	1	13	50	180	402	893	340	737	400	952	5	16	9	98	82	138	21	101	20	71	3	60	64	1,107	66	882	106	203	203	291
2017	중랑구	망우본동	3,856	981	12,335	6,659	5,676	-	-	-	-	346	1,693	-	-	2	48	86	418	638	1,823	1,537	2,709	479	1,134	14	40	21	243	111	245	28	113	27	184	4	121	70	1,135	121	1,522	92	266	280	641
2017	성북구	소계	24,039	8,878	108,991	53,234	55,757	-	-	-	-	2,424	9,199	5	11	11	177	569	4,093	4,927	15,313	3,520	6,708	4,415	12,731	234	1,756	151	1,600	1,099	2,673	456	3,954	262	5,601	52	3,915	1,372	20,652	1,065	12,533	735	2,130	2,742	5,945
2017	성북구	돈암1동	389	135	1,802	960	842	-	-	-	-	8	34	-	-	-	-	11	208	64	116	101	101	35	112	1	1	2	6	32	108	1	2	3	173	1	19	44	604	26	218	9	18	51	82
2017	성북구	돈암2동	433	194	2,294	814	1,480	-	-	-	-	4	6	-	-	-	-	7	16	50	130	97	97	51	97	2	23	7	41	42	209	1	3	2	827	2	69	67	352	31	197	15	71	55	156
2017	성북구	안암동	1,456	452	12,813	5,425	7,388	-	-	-	-	82	422	-	-	-	-	35	154	305	1,090	98	170	435	1,598	33	209	11	78	52	110	62	659	35	139	1	18	64	4,778	36	2,836	54	129	153	423
2017	성북구	보문동	1,330	425	5,229	2,776	2,453	-	-	-	-	244	729	1	3	1	17	36	295	285	966	261	364	168	401	12	68	9	123	58	119	30	142	19	718	4	83	30	291	38	621	15	47	119	242
2017	성북구	정릉1동	753	283	2,064	981	1,083	-	-	-	-	61	185	-	-	1	1	25	161	124	335	152	175	105	272	1	2	3	25	38	106	8	37	7	16	2	19	66	161	35	351	24	62	101	156
2017	성북구	정릉2동	887	287	2,819	1,458	1,361	-	-	-	-	35	90	-	-	-	-	17	129	139	508	241	397	136	386	6	14	5	44	47	111	3	4	2	14	2	47	54	312	53	483	33	94	114	186
2017	성북구	정릉3동	677	255	4,302	2,355	1,947	-	-	-	-	30	108	-	-	-	-	13	27	94	220	156	390	153	409	3	4	2	14	29	41	12	226	3	9	2	23	37	2,254	23	219	19	42	101	316
2017	성북구	정릉4동	921	295	4,242	2,469	1,773	-	-	-	-	35	128	1	5	-	-	17	100	165	382	230	1,108	138	369	6	34	4	38	48	107	10	25	3	51	3	70	57	1,031	53	419	31	131	120	244
2017	성북구	길음1동	1,092	505	3,950	1,498	2,452	-	-	-	-	32	92	-	-	-	-	12	45	234	565	158	192	205	576	-	-	9	89	72	201	10	22	11	346	3	106	102	812	85	592	31	65	128	247
2017	성북구	길음2동	935	400	4,269	1,668	2,601	-	-	-	-	15	54	-	-	-	-	14	69	261	1,259	84	103	209	688	9	255	6	25	41	125	18	109	14	127	2	19	69	229	47	705	25	136	121	366
2017	성북구	월곡1동	1,351	467	5,039	2,499	2,540	-	-	-	-	184	761	-	-	1	25	37	236	316	914	216	228	169	476	11	56	10	150	49	133	10	292	11	89	3	86	75	502	72	691	31	80	156	320
2017	성북구	월곡2동	1,589	576	7,619	4,226	3,393	-	-	-	-	244	978	1	1	1	3	29	74	344	1,127	191	242	300	891	15	70	8	62	49	130	43	1,327	18	161	2	24	57	1,186	67	806	55	166	165	371
2017	성북구	장위1동	928	321	2,339	1,077	1,262	-	-	-	-	170	664	-	-	-	-	27	118	168	304	210	217	114	197	-	-	4	31	38	51	3	4	7	36	1	29	30	221	29	255	23	43	104	169
2017	성북구	장위2동	1,478	535	4,599	2,283	2,316	-	-	-	-	358	1,489	-	-	-	-	41	127	344	692	189	411	212	415	7	17	8	59	53	72	13	36	11	283	2	74	28	239	42	414	25	36	145	235
2017	성북구	장위3동	628	172	2,722	1,478	1,244	-	-	-	-	120	583	-	-	1	27	20	102	125	374	139	556	58	157	-	-	1	7	24	64	5	43	7	18	2	53	30	348	23	258	9	26	64	106
2017	성북구	성북동	1,132	457	5,170	2,561	2,609	-	-	-	-	37	123	2	2	-	-	25	130	254	928	77	92	222	891	54	489	11	181	56	110	62	360	18	85	3	48	92	788	54	362	28	75	137	506
2017	성북구	삼선동	1,906	764	10,312	4,942	5,370	-	-	-	-	96	361	-	-	2	3	42	148	436	1,482	156	168	450	1,051	27	127	19	122	76	172	94	300	32	1,027	6	2,413	108	1,718	89	670	73	153	200	397
2017	성북구	동선동	1,995	837	9,940	4,486	5,454	-	-	-	-	52	167	-	-	-	-	39	841	401	1,353	83	239	594	2,007	26	310	12	126	111	247	34	203	27	383	2	41	148	2,239	92	786	102	333	272	665
2017	성북구	종암동	2,022	781	7,350	3,615	3,735	-	-	-	-	345	1,084	-	-	-	-	41	322	368	955	286	325	316	830	11	41	11	296	89	249	14	46	15	133	6	608	135	917	96	932	70	212	219	400
2017	성북구	석관동	2,137	737	10,117	5,663	4,454	-	-	-	-	272	1,141	-	-	4	101	81	791	450	1,613	395	1,133	345	908	10	36	9	83	95	208	23	114	17	966	3	66	79	1,670	74	718	63	211	217	358
2017	강북구	소계	18,928	6,992	71,752	33,422	38,330	-	-	-	-	1,541	6,621	1	80	9	326	498	2,057	3,857	10,768	3,192	6,822	3,681	10,569	101	715	253	4,027	789	1,776	275	1,123	218	3,321	44	2,750	683	5,729	816	8,573	721	1,972	2,249	4,523
2017	강북구	번1동	1,836	725	9,166	3,876	5,290	-	-	-	-	106	352	-	-	3	72	54	357	411	1,276	167	366	371	1,149	15	85	113	1,936	91	253	59	288	39	612	4	419	58	370	77	923	70	302	198	406
2017	강북구	번2동	678	170	3,442	2,154	1,288	-	-	-	-	59	428	-	-	1	162	23	74	108	364	229	719	67	140	7	102	-	-	21	58	5	39	11	154	5	256	9	126	30	558	21	123	82	139
2017	강북구	번3동	912	231	2,959	1,675	1,284	-	-	-	-	51	369	-	-	-	-	14	56	102	377	417	705	88	260	1	4	2	14	32	167	4	19	6	49	2	50	51	238	40	367	22	123	80	161
2017	강북구	수유1동	1,432	577	5,090	2,380	2,710	-	-	-	-	118	486	-	-	-	-	27	76	436	1,009	205	690	258	530	-	-	12	134	48	105	11	43	12	142	3	65	41	620	60	735	41	145	160	310
2017	강북구	수유2동	1,339	491	4,179	1,853	2,326	-	-	-	-	126	524	-	-	1	56	47	196	281	701	225	237	191	496	11	49	5	35	59	100	13	38	14	426	2	54	62	168	61	630	49	97	192	372
2017	강북구	수유3동	2,446	1,005	9,009	3,915	5,094	-	-	-	-	146	563	-	-	-	-	60	221	520	1,514	178	257	678	2,184	15	121	51	810	104	196	61	200	46	234	3	1,008	31	166	91	611	190	382	272	542
2017	강북구	삼양동	1,186	430	3,743	1,556	2,187	-	-	-	-	141	537	-	-	-	-	27	78	212	567	261	426	144	301	2	6	5	27	41	83	7	14	4	244	2	60	66	483	70	521	40	96	164	300
2017	강북구	미아동	1,670	640	6,501	2,822	3,679	-	-	-	-	157	678	1	80	1	1	43	162	344	1,052	197	236	364	948	8	41	19	359	80	160	16	86	25	135	5	204	52	939	81	838	66	131	211	451
2017	강북구	송중동	1,962	732	8,026	3,418	4,608	-	-	-	-	146	769	-	-	-	-	42	130	413	1,332	266	316	471	1,802	20	184	25	480	78	167	25	98	23	555	3	184	70	546	75	804	73	199	232	460
2017	강북구	송천동	2,106	764	7,440	3,467	3,973	-	-	-	-	303	1,247	-	-	1	31	75	273	410	1,105	246	469	404	996	8	32	9	101	96	195	46	188	23	523	6	252	76	792	75	512	50	99	278	625
2017	강북구	삼각산동	775	319	2,337	930	1,407	-	-	-	-	14	56	-	-	-	-	11	24	127	318	181	181	120	289	3	7	3	21	55	145	5	12	3	5	2	59	73	559	72	456	21	53	85	152
2017	강북구	우이동	1,029	380	4,271	2,615	1,656	-	-	-	-	37	147	-	-	-	-	17	146	191	500	227	1,476	315	917	4	15	2	28	29	60	8	16	3	82	3	25	27	181	31	312	39	111	96	255
2017	강북구	인수동	1,557	528	5,589	2,761	2,828	-	-	-	-	137	465	-	-	2	4	58	264	302	653	393	744	210	557	7	69	7	82	55	87	15	82	9	160	4	114	67	541	53	1,306	39	111	199	350
2017	도봉구	소계	18,351	6,324	70,503	36,085	34,418	1	2	-	-	1,090	4,556	-	-	9	116	492	3,150	3,500	10,915	4,502	9,543	2,732	7,514	87	709	136	1,320	785	2,609	325	1,785	172	1,352	39	3,605	960	7,423	845	9,640	620	1,903	2,056	4,361
2017	도봉구	쌍문1동	890	310	3,852	1,710	2,142	-	-	-	-	47	203	-	-	-	-	19	68	147	403	265	510	132	339	4	19	3	21	44	116	4	12	6	15	2	51	51	1,125	39	618	24	194	103	158
2017	도봉구	쌍문2동	1,242	462	5,053	2,442	2,611	-	-	-	-	86	464	-	-	-	-	45	271	235	824	221	574	188	510	5	27	5	95	45	301	21	102	13	71	2	48	79	468	76	780	52	125	169	393
2017	도봉구	쌍문3동	971	352	4,015	1,996	2,019	-	-	-	-	72	281	-	-	1	21	37	319	254	665	126	140	156	452	6	324	6	60	50	93	8	47	16	66	2	49	46	164	40	1,078	22	55	129	201
2017	도봉구	쌍문4동	616	251	2,003	920	1,083	-	-	-	-	7	12	-	-	-	-	17	57	93	226	177	178	51	139	-	-	1	11	29	108	3	6	-	-	1	21	108	905	30	148	18	41	81	151
2017	도봉구	방학1동	2,266	924	10,787	5,692	5,095	-	-	-	-	127	555	-	-	1	5	57	244	508	1,731	285	1,215	472	1,321	6	19	21	160	113	290	43	487	24	141	9	1,755	99	669	105	1,141	131	312	265	742
2017	도봉구	방학2동	1,207	432	3,264	1,432	1,832	-	-	-	-	147	579	-	-	-	-	40	133	298	695	243	261	160	386	1	4	2	30	25	52	6	26	5	62	1	23	38	207	43	468	29	54	169	284
2017	도봉구	방학3동	872	272	3,242	1,635	1,607	-	-	-	-	18	60	-	-	-	-	19	87	104	310	339	722	99	325	-	-	4	42	44	155	3	16	3	7	2	52	69	471	62	745	24	101	82	149
2017	도봉구	창1동	1,413	428	4,207	2,115	2,092	-	-	-	-	34	145	-	-	1	5	35	302	192	614	588	636	154	486	11	112	9	214	66	187	11	42	9	20	2	51	52	523	71	520	43	138	135	212
2017	도봉구	창2동	1,356	472	4,348	2,305	2,043	-	-	-	-	182	968	-	-	1	3	32	95	269	777	298	539	171	394	5	13	3	27	54	117	6	35	8	57	2	54	61	237	54	633	40	112	170	287
2017	도봉구	창3동	929	327	2,199	995	1,204	-	-	-	-	90	296	-	-	-	-	29	89	205	446	211	216	148	291	4	4	2	10	31	48	4	8	4	9	1	20	26	198	39	372	26	39	109	153
2017	도봉구	창4동	1,277	434	7,384	3,800	3,584	-	-	-	-	19	65	-	-	1	9	28	806	280	1,419	209	745	200	612	23	77	40	409	66	259	64	385	18	240	4	546	92	764	65	478	46	316	122	254
2017	도봉구	창5동	2,133	522	7,148	3,753	3,395	-	-	-	-	53	208	-	-	-	-	33	240	275	1,046	928	1,254	231	906	7	51	19	115	74	230	19	83	19	83	2	122	143	883	86	1,086	64	172	180	669
2017	도봉구	도봉1동	1,714	624	6,135	3,543	2,592	1	2	-	-	158	589	-	-	3	69	63	293	379	975	264	1,356	349	867	11	40	10	49	68	128	19	91	18	60	4	84	40	447	60	590	63	132	204	363
2017	도봉구	도봉2동	1,465	514	6,866	3,747	3,119	-	-	-	-	50	131	-	-	1	4	38	146	261	784	348	1,197	221	486	4	19	11	77	76	525	114	445	29	521	5	729	56	362	75	983	38	112	138	345
2017	노원구	소계	26,516	9,401	117,859	55,762	62,097	1	2	-	-	848	4,042	4	214	13	162	538	2,431	5,084	15,534	6,550	12,677	4,143	14,211	168	1,233	243	4,315	1,198	4,574	420	2,339	313	5,110	38	3,042	1,951	21,222	1,468	18,404	921	2,852	2,615	5,495
2017	노원구	월계1동	1,488	532	6,121	3,540	2,581	-	-	-	-	75	359	-	-	-	-	30	115	254	627	312	1,092	330	890	13	39	5	38	64	197	21	173	25	51	1	22	62	1,417	69	635	79	187	148	279
2017	노원구	월계2동	944	236	3,464	1,957	1,507	-	-	-	-	34	218	-	-	-	-	15	52	106	296	469	711	83	233	9	32	-	-	33	144	9	60	5	41	2	56	59	1,173	36	263	8	47	76	138
2017	노원구	월계3동	963	325	3,943	1,975	1,968	-	-	-	-	7	20	-	-	-	-	11	47	158	732	392	1,003	95	294	6	30	3	22	52	276	16	93	11	123	2	91	48	477	76	536	13	38	73	161
2017	노원구	공릉2동	1,834	616	11,823	6,044	5,779	1	2	-	-	63	571	-	-	-	-	29	180	268	729	472	1,131	333	1,000	29	117	10	68	94	348	34	449	20	57	2	33	150	4,676	78	1,811	81	341	170	310
2017	노원구	하계1동	1,103	419	7,546	3,720	3,826	-	-	-	-	65	474	-	-	-	-	32	168	286	1,064	166	584	186	752	5	17	6	39	46	298	18	144	18	247	3	593	80	1,176	51	1,492	25	143	116	355
2017	노원구	하계2동	395	123	1,307	548	759	-	-	-	-	4	8	-	-	-	-	9	22	51	145	158	169	37	96	-	-	2	15	22	162	3	5	2	2	1	19	35	408	24	167	6	20	41	69
2017	노원구	중계본동	1,198	471	5,494	2,793	2,701	-	-	-	-	44	192	-	-	-	-	22	52	164	528	195	316	187	569	2	228	3	29	61	218	14	37	11	403	1	21	271	2,051	49	426	51	199	123	225
2017	노원구	중계1동	1,000	399	4,392	1,888	2,504	-	-	-	-	6	21	-	-	-	-	10	42	144	581	173	175	132	596	3	10	5	54	67	266	8	29	9	14	2	63	259	1,807	53	299	36	213	93	222
2017	노원구	중계4동	1,049	414	3,975	1,658	2,317	-	-	-	-	13	37	-	-	-	-	21	70	198	702	200	213	233	683	1	2	6	51	45	150	8	64	8	25	1	22	80	914	63	683	68	168	104	191
2017	노원구	상계1동	3,114	739	10,558	5,941	4,617	-	-	-	-	58	249	-	-	6	26	54	379	383	1,525	1,527	2,195	361	1,237	14	111	10	60	105	290	40	232	28	1,257	3	102	119	805	107	1,421	82	175	217	494
2017	노원구	상계2동	2,614	1,124	10,662	4,148	6,514	-	-	-	-	83	285	-	-	3	14	44	179	826	2,349	175	399	638	2,568	15	115	13	123	106	309	28	151	40	345	2	57	100	669	110	1,907	143	387	288	805
2017	노원구	상계5동	1,605	630	4,600	2,248	2,352	-	-	-	-	114	420	-	-	1	22	60	142	353	711	252	459	230	439	7	27	8	34	68	142	26	77	21	613	1	24	101	294	64	770	64	120	235	306
2017	노원구	상계8동	595	226	2,017	750	1,267	-	-	-	-	5	10	-	-	-	-	11	22	87	235	180	181	56	164	2	7	4	38	26	157	2	7	1	1	1	16	69	563	86	486	19	58	46	72
2017	노원구	상계9동	713	272	2,488	1,070	1,418	-	-	-	-	7	10	-	-	-	-	9	13	111	337	260	294	61	191	-	-	5	54	33	164	2	2	4	7	2	63	82	862	64	372	14	33	59	86
2017	노원구	상계10동	455	153	2,203	1,210	993	-	-	-	-	2	2	-	-	1	22	5	9	59	125	155	730	29	112	3	13	8	60	19	118	15	38	7	14	2	77	51	490	34	249	17	50	48	94
2017	노원구	상계3.4동	1,278	463	4,354	2,353	2,001	-	-	-	-	73	311	-	-	-	-	25	165	232	492	329	1,137	196	364	10	35	3	15	51	123	10	20	18	571	2	68	51	276	57	440	40	64	181	273
2017	노원구	상계6.7동	1,958	728	15,618	5,819	9,799	-	-	-	-	22	44	4	214	-	-	33	145	315	1,261	278	320	322	1,675	14	106	128	3,332	129	571	44	162	26	223	5	1,520	168	1,472	226	3,957	63	184	181	432
2017	노원구	중계2.3동	1,361	592	5,555	2,248	3,307	-	-	-	-	24	75	-	-	-	-	10	18	472	1,339	331	342	169	1,000	3	103	2	27	43	238	12	40	9	59	2	91	66	981	86	766	20	195	112	281
2017	노원구	공릉1동	2,849	939	11,739	5,852	5,887	-	-	-	-	149	736	-	-	2	78	108	611	617	1,756	526	1,226	465	1,348	32	241	22	256	134	403	110	556	50	1,057	3	104	100	711	135	1,724	92	230	304	702
2017	은평구	소계	24,561	9,413	88,818	41,845	46,973	-	-	-	-	957	3,266	6	160	13	206	645	4,092	5,121	15,605	4,990	8,482	4,178	11,781	149	1,246	170	2,437	1,409	3,296	347	1,510	229	1,694	53	4,042	1,430	9,983	1,170	13,259	814	2,216	2,880	5,543
2017	은평구	녹번동	1,895	609	9,439	4,788	4,651	-	-	-	-	97	379	4	151	1	35	75	645	302	1,550	425	488	267	779	34	124	8	48	110	306	87	372	30	188	8	1,920	86	599	67	1,165	53	119	241	571
2017	은평구	불광1동	1,677	722	6,733	2,582	4,151	-	-	-	-	50	173	-	-	-	-	33	108	311	972	272	305	313	1,014	6	26	39	908	123	401	16	141	19	71	3	448	103	596	112	801	57	179	220	590
2017	은평구	갈현1동	1,457	582	5,184	2,166	3,018	-	-	-	-	65	195	-	-	-	-	32	108	271	919	183	216	381	1,223	5	8	26	472	67	132	14	203	10	40	3	32	65	278	73	824	93	191	169	343
2017	은평구	갈현2동	1,596	670	5,828	2,377	3,451	-	-	-	-	66	180	-	-	-	-	36	229	360	1,092	215	221	339	949	3	9	6	60	64	153	18	87	6	12	2	87	163	1,360	58	923	78	175	182	291
2017	은평구	구산동	1,205	405	5,233	2,361	2,872	-	-	-	-	39	199	-	-	-	-	27	106	189	440	377	791	132	341	4	7	4	32	61	148	9	22	7	239	2	28	96	1,021	67	1,521	21	89	170	249
2017	은평구	대조동	2,530	1,187	7,921	3,259	4,662	-	-	-	-	76	182	-	-	1	4	49	222	818	2,062	226	284	532	1,485	20	179	14	199	142	248	29	76	30	81	4	328	104	627	134	1,223	80	205	271	516
2017	은평구	응암1동	1,600	662	7,261	3,438	3,823	-	-	-	-	74	313	-	-	1	15	59	874	378	1,531	192	205	244	823	13	329	11	144	129	284	60	250	27	142	4	159	93	646	90	1,058	57	152	168	336
2017	은평구	응암2동	654	269	2,011	866	1,145	-	-	-	-	30	90	-	-	-	-	7	43	110	246	163	165	89	202	2	9	3	49	57	111	7	15	3	9	2	66	43	223	35	632	19	32	84	119
2017	은평구	신사1동	1,290	467	4,069	2,080	1,989	-	-	-	-	60	236	1	1	1	1	40	423	240	624	301	426	164	474	8	86	6	51	83	192	14	32	14	41	2	26	72	394	62	665	48	98	174	299
2017	은평구	신사2동	1,691	288	3,612	2,295	1,317	-	-	-	-	29	84	-	-	1	39	29	125	142	417	1,105	1,399	89	185	5	10	1	7	46	90	5	9	6	44	2	83	72	574	44	375	11	18	104	153
2017	은평구	증산동	1,017	389	3,555	2,043	1,512	-	-	-	-	53	225	-	-	1	13	47	259	215	650	206	822	158	314	12	66	3	35	62	145	13	38	11	73	2	21	45	325	46	254	36	104	107	211
2017	은평구	수색동	625	213	2,476	1,636	840	-	-	-	-	40	126	1	8	1	1	10	32	165	460	116	879	105	211	2	37	4	39	56	125	4	17	6	13	3	75	17	119	27	187	12	21	56	126
2017	은평구	진관동	1,648	649	8,664	4,085	4,579	-	-	-	-	14	34	-	-	2	76	20	62	366	1,417	265	1,192	307	1,360	5	249	11	91	138	497	14	56	15	60	6	274	163	1,418	111	1,016	43	413	168	449
2017	은평구	불광2동	1,321	586	4,429	1,939	2,490	-	-	-	-	46	138	-	-	1	1	33	80	327	844	229	235	227	552	5	47	15	130	65	124	11	25	14	241	4	370	65	613	63	634	28	73	188	322
2017	은평구	응암3동	1,844	768	4,934	2,186	2,748	-	-	-	-	93	291	-	-	-	-	35	169	448	1,027	238	288	433	937	4	6	9	90	67	119	18	48	12	28	2	29	82	600	76	728	91	174	236	400
2017	은평구	역촌동	2,511	947	7,469	3,744	3,725	-	-	-	-	125	421	-	-	3	21	113	607	479	1,354	477	566	398	932	21	54	10	82	139	221	28	119	19	412	4	96	161	590	105	1,253	87	173	342	568
2017	서대문구	소계	19,852	7,417	111,117	55,668	55,449	1	1	-	-	754	2,721	2	51	14	574	502	4,062	4,071	14,505	2,881	6,195	4,337	14,107	416	2,852	213	4,796	989	2,594	568	5,884	450	7,011	44	5,428	1,078	18,919	781	14,639	587	1,788	2,164	4,990
2017	서대문구	천연동	941	381	2,898	1,411	1,487	-	-	-	-	62	134	-	-	-	-	19	85	221	456	80	130	196	398	20	96	7	34	46	100	18	39	13	85	3	121	66	542	60	428	22	75	108	175
2017	서대문구	홍제1동	1,163	474	4,679	2,491	2,188	-	-	-	-	40	188	-	-	-	-	41	765	234	725	151	227	186	462	23	48	7	114	71	196	37	96	18	43	2	57	89	954	76	504	32	70	156	230
2017	서대문구	홍제3동	1,201	511	3,730	1,667	2,063	-	-	-	-	60	194	-	-	-	-	40	125	333	652	157	193	230	556	10	35	7	75	42	118	17	31	5	199	2	166	75	489	59	571	38	73	126	253
2017	서대문구	홍제2동	594	258	1,751	828	923	-	-	-	-	19	105	-	-	1	159	9	36	105	256	65	84	84	227	9	18	4	27	58	127	21	78	5	9	1	18	52	133	36	232	28	71	97	171
2017	서대문구	홍은1동	964	354	2,521	1,213	1,308	-	-	-	-	32	83	1	49	1	2	26	71	229	438	179	252	131	279	20	138	4	23	49	125	20	53	14	24	3	90	60	208	35	385	25	92	135	209
2017	서대문구	홍은2동	1,176	383	5,405	2,941	2,464	-	-	-	-	57	191	-	-	1	19	40	145	182	484	250	725	218	928	18	88	6	37	47	118	20	44	16	41	3	60	94	1,477	55	592	42	135	127	321
2017	서대문구	남가좌1동	797	366	2,197	788	1,409	-	-	-	-	30	50	-	-	-	-	6	20	268	594	77	90	205	485	8	13	6	69	39	100	12	37	10	22	1	19	26	189	42	330	17	68	50	111
2017	서대문구	남가좌2동	1,243	481	4,877	2,410	2,467	-	-	-	-	42	131	-	-	3	89	38	107	259	520	196	203	262	641	14	46	7	54	62	91	15	31	19	130	2	53	78	2,116	54	293	44	97	148	275
2017	서대문구	북가좌1동	665	219	3,407	2,204	1,203	-	-	-	-	18	74	-	-	-	-	21	101	120	414	188	1,335	65	208	14	66	10	35	44	202	8	12	8	33	1	21	55	446	36	256	11	34	66	170
2017	서대문구	북가좌2동	2,381	637	6,903	3,961	2,942	-	-	-	-	95	422	-	-	5	25	82	450	280	694	1,010	1,512	259	615	27	150	8	88	108	219	25	79	27	1,083	4	108	103	320	76	626	54	114	218	398
2017	서대문구	충현동	1,825	632	24,126	14,238	9,888	-	-	-	-	61	237	-	-	2	272	50	1,489	353	4,007	76	563	429	1,265	90	1,003	90	3,764	83	304	114	2,335	124	3,586	9	2,683	71	1,392	51	533	36	92	186	601
2017	서대문구	북아현동	864	313	2,677	1,157	1,520	-	-	-	-	94	311	-	-	-	-	13	30	208	424	127	127	113	296	10	12	5	47	83	175	16	38	30	47	2	49	32	273	40	642	15	60	76	146
2017	서대문구	신촌동	3,720	1,533	35,054	14,620	20,434	-	-	-	-	46	206	-	-	-	-	20	89	738	2,938	65	233	1,485	6,332	94	827	39	303	152	463	132	2,536	96	1,315	5	282	172	9,162	92	8,359	173	619	411	1,390
2017	서대문구	연희동	2,318	875	10,892	5,739	5,153	1	1	-	-	98	395	1	2	1	8	97	549	541	1,903	260	521	474	1,415	59	312	13	126	105	256	113	475	65	394	6	1,701	105	1,218	69	888	50	188	260	540
2017	마포구	소계	36,325	12,245	247,999	134,707	113,292	-	-	-	-	1,336	5,121	8	425	22	307	1,084	16,287	7,664	33,868	2,947	11,967	8,139	28,793	2,469	34,801	497	11,322	1,755	5,588	2,460	19,824	1,072	35,339	58	4,599	1,609	15,681	1,182	10,593	1,000	4,257	3,023	9,227
2017	마포구	용강동	2,550	790	18,504	10,424	8,080	-	-	-	-	78	225	2	88	1	1	75	1,920	639	3,658	178	1,272	385	1,470	220	1,437	49	693	140	671	227	1,183	130	3,466	5	290	112	905	50	310	59	162	200	753
2017	마포구	대흥동	1,547	570	9,660	4,488	5,172	-	-	-	-	73	281	-	-	-	-	25	119	267	871	65	147	383	1,099	49	418	40	679	106	281	94	612	39	625	2	21	109	2,838	98	740	42	383	155	546
2017	마포구	염리동	699	274	4,050	2,192	1,858	-	-	-	-	38	153	-	-	1	6	14	52	144	502	50	453	161	509	28	557	6	81	38	130	29	114	17	453	3	35	46	656	20	163	16	34	88	152
2017	마포구	신수동	1,230	394	5,629	3,001	2,628	-	-	-	-	56	306	-	-	1	2	56	392	246	968	183	582	187	494	73	317	4	96	86	182	86	348	20	302	3	374	65	464	41	476	21	53	102	273
2017	마포구	서교동	9,686	3,230	60,482	30,075	30,407	-	-	-	-	208	1,030	-	-	2	59	222	3,239	2,115	10,201	289	1,897	2,720	10,960	814	6,327	145	3,424	383	1,116	798	4,937	340	8,965	6	159	358	2,459	220	2,179	370	1,347	696	2,183
2017	마포구	합정동	2,044	671	12,112	6,623	5,489	-	-	-	-	71	216	-	-	3	46	123	1,853	367	1,429	150	597	484	1,668	186	1,629	31	1,492	86	178	153	1,142	41	562	2	23	62	374	51	360	50	113	184	430
2017	마포구	망원1동	1,802	545	4,625	2,548	2,077	-	-	-	-	80	227	-	-	1	2	50	323	348	854	492	637	360	914	44	178	8	60	67	114	43	187	14	98	3	102	41	126	65	447	49	116	137	240
2017	마포구	망원2동	1,360	515	4,614	2,597	2,017	-	-	-	-	81	229	-	-	1	4	69	453	290	796	182	571	228	511	48	241	9	45	69	145	46	225	26	123	2	24	78	418	43	251	37	154	151	424
2017	마포구	연남동	1,611	585	6,441	3,516	2,925	-	-	-	-	47	188	-	-	-	-	50	737	284	1,031	90	203	580	1,562	102	519	3	15	56	117	111	526	49	586	2	62	50	372	32	242	36	62	119	219
2017	마포구	성산1동	1,488	430	13,161	9,299	3,862	-	-	-	-	66	302	-	-	2	77	112	3,294	328	1,445	158	586	191	583	120	768	6	34	65	108	115	1,211	47	3,299	2	34	62	679	32	214	44	163	138	364
2017	마포구	성산2동	1,747	641	12,091	5,678	6,413	-	-	-	-	37	82	-	-	4	22	54	240	492	1,547	292	781	242	705	29	168	8	54	90	282	58	314	25	3,192	5	1,434	122	975	84	1,142	34	482	171	671
2017	마포구	상암동	2,324	804	37,364	22,952	14,412	-	-	-	-	44	411	1	100	2	79	42	420	333	4,249	189	2,133	633	2,807	363	17,211	29	837	106	688	121	2,770	36	1,258	6	695	118	1,345	105	1,042	51	567	145	752
2017	마포구	도화동	2,047	654	15,957	8,162	7,795	-	-	-	-	36	114	1	1	1	4	63	758	476	1,718	172	929	372	1,690	119	1,424	59	708	101	441	140	1,446	81	4,729	2	22	100	525	98	779	54	150	172	519
2017	마포구	서강동	1,779	609	11,995	6,102	5,893	-	-	-	-	35	87	3	233	2	3	37	469	341	1,525	102	352	529	1,667	101	944	13	192	105	224	115	640	39	1,986	2	77	105	2,465	53	565	53	169	144	397
2017	마포구	공덕동	2,781	937	19,160	9,984	9,176	-	-	-	-	298	973	-	-	-	-	65	1,452	571	1,911	236	493	465	1,378	94	1,818	51	1,617	147	563	214	1,456	84	4,113	10	741	108	576	109	1,127	59	185	270	757
2017	마포구	아현동	1,630	596	12,154	7,066	5,088	-	-	-	-	88	297	1	3	1	2	27	566	423	1,163	119	334	219	776	79	845	36	1,295	110	348	110	2,713	84	1,582	3	506	73	504	81	556	25	117	151	547
2017	양천구	소계	26,077	9,626	119,943	63,780	56,163	-	-	-	-	1,190	5,294	2	270	21	457	840	9,741	5,432	17,338	4,894	12,935	3,566	11,585	283	5,010	207	2,486	1,242	3,647	695	3,049	315	4,694	48	6,153	2,366	15,026	1,213	13,177	935	3,097	2,828	5,984
2017	양천구	목1동	2,943	1,157	21,054	10,628	10,426	-	-	-	-	29	90	-	-	3	23	58	1,213	978	4,142	98	297	538	2,922	135	3,854	70	1,099	119	513	127	605	60	1,147	4	584	247	1,934	127	1,164	109	571	241	896
2017	양천구	목2동	1,145	435	4,186	2,214	1,972	-	-	-	-	26	77	-	-	-	-	62	443	225	882	172	220	175	438	10	183	5	58	81	160	30	100	15	130	1	25	84	368	54	402	52	187	153	513
2017	양천구	목3동	1,233	523	4,938	2,620	2,318	-	-	-	-	45	186	-	-	1	11	43	990	298	853	138	182	210	530	8	18	13	106	56	111	29	153	14	446	2	78	67	294	81	465	58	174	170	341
2017	양천구	목4동	1,352	637	3,950	1,753	2,197	-	-	-	-	52	121	-	-	3	64	46	196	307	855	152	174	240	551	7	58	4	45	56	101	11	31	8	47	1	25	133	780	73	467	50	123	209	312
2017	양천구	신월1동	1,853	704	5,569	3,028	2,541	-	-	-	-	220	989	-	-	1	35	77	600	451	1,131	328	651	272	578	5	15	4	44	65	115	13	31	14	99	2	68	49	248	66	535	68	123	218	307
2017	양천구	신월2동	1,223	376	4,039	2,289	1,750	-	-	-	-	95	423	-	-	2	17	66	479	256	682	344	613	101	256	6	20	5	40	60	147	10	40	13	80	1	23	59	472	56	477	30	62	119	208
2017	양천구	신월3동	955	286	4,126	2,546	1,580	-	-	-	-	80	532	-	-	-	-	38	211	250	723	251	990	101	266	2	8	10	45	19	28	7	107	9	28	2	57	33	599	43	338	21	52	89	142
2017	양천구	신월4동	1,174	404	3,992	2,455	1,537	-	-	-	-	42	213	-	-	1	3	40	567	192	433	358	1,001	172	393	4	12	6	50	53	143	8	28	10	40	1	19	70	281	56	550	30	62	131	197
2017	양천구	신월5동	1,013	374	4,814	2,847	1,967	-	-	-	-	114	577	-	-	-	-	50	260	212	610	175	373	153	399	1	8	2	9	31	40	9	35	18	842	4	609	47	379	33	363	38	76	126	234
2017	양천구	신월6동	1,387	175	3,329	2,352	977	-	-	-	-	33	136	-	-	2	41	24	205	113	338	1,000	1,525	52	144	1	6	3	40	25	61	5	33	11	89	1	18	13	253	33	255	21	47	50	138
2017	양천구	신월7동	1,384	462	5,674	3,731	1,943	-	-	-	-	126	548	-	-	3	21	52	303	253	670	384	1,558	154	366	7	15	3	34	51	110	15	45	13	62	4	715	55	329	53	475	54	183	157	240
2017	양천구	신정1동	1,148	527	5,075	2,323	2,752	-	-	-	-	43	135	-	-	-	-	25	196	223	672	66	82	220	643	10	40	6	52	78	287	59	240	14	77	4	1,032	140	688	66	529	46	98	148	304
2017	양천구	신정2동	1,110	464	3,688	1,676	2,012	-	-	-	-	29	92	-	-	-	-	35	144	213	610	111	130	161	514	3	9	3	44	66	225	33	120	11	40	1	20	196	1,018	54	347	53	137	141	238
2017	양천구	신정3동	1,795	574	9,428	5,444	3,984	-	-	-	-	46	308	-	-	-	-	31	698	224	749	718	2,710	167	546	7	135	7	105	90	295	17	123	16	457	4	127	136	1,261	111	1,327	59	210	162	377
2017	양천구	신정6동	758	327	6,407	2,834	3,573	-	-	-	-	8	62	1	84	1	148	18	194	110	287	49	50	65	254	7	25	9	115	65	231	57	214	6	121	8	2,467	234	1,322	29	451	23	235	68	147
2017	양천구	신정7동	1,024	371	4,837	2,614	2,223	-	-	-	-	26	100	-	-	1	4	21	96	165	631	217	1,041	133	442	4	6	4	46	51	223	13	68	8	58	3	108	133	1,079	70	432	50	178	125	325
2017	양천구	목5동	1,537	682	9,883	4,392	5,491	-	-	-	-	17	31	1	186	1	65	34	590	282	810	48	57	190	938	24	435	16	251	125	523	25	209	13	195	3	95	504	2,566	66	2,375	45	251	143	306
2017	양천구	신정4동	3,043	1,148	14,954	8,034	6,920	-	-	-	-	159	674	-	-	2	25	120	2,356	680	2,260	285	1,281	462	1,405	42	163	37	303	151	334	227	867	62	736	2	83	166	1,155	142	2,225	128	328	378	759
2017	강서구	소계	36,556	12,762	234,394	130,005	104,389	1	30	-	-	1,258	7,027	6	426	42	639	1,135	13,334	8,713	34,665	7,095	53,820	5,651	20,057	659	11,196	298	3,976	1,909	7,006	989	17,291	554	17,199	57	3,267	1,787	13,832	1,542	17,902	1,176	3,498	3,684	9,229
2017	강서구	염창동	2,126	715	16,513	9,919	6,594	-	-	-	-	98	681	1	303	4	23	96	1,876	482	2,580	280	1,606	274	983	87	2,121	15	162	156	469	74	1,033	28	1,407	2	59	171	1,055	85	1,087	73	231	200	837
2017	강서구	등촌1동	1,892	663	15,709	9,125	6,584	-	-	-	-	89	1,049	-	-	2	8	79	1,299	478	2,076	202	2,408	298	1,060	86	1,070	23	473	125	382	107	2,409	28	628	4	448	59	385	73	931	58	201	181	882
2017	강서구	등촌2동	737	261	3,766	1,779	1,987	-	-	-	-	41	236	-	-	-	-	21	115	147	1,006	147	354	115	317	10	69	3	34	36	79	10	43	12	82	4	124	43	634	29	328	22	86	97	259
2017	강서구	등촌3동	2,657	989	23,388	11,198	12,190	-	-	-	-	56	347	-	-	1	4	73	1,002	826	3,566	377	1,693	370	1,928	56	774	38	751	125	505	88	453	64	6,837	2	98	168	1,835	128	2,416	71	400	214	779
2017	강서구	화곡본동	1,356	531	4,073	1,736	2,337	-	-	-	-	43	160	-	-	-	-	27	158	274	721	276	317	263	634	11	32	7	78	61	137	16	53	10	22	2	63	83	462	92	874	42	91	149	271
2017	강서구	화곡2동	848	319	2,465	1,231	1,234	-	-	-	-	32	143	-	-	-	-	18	102	309	987	174	185	70	124	2	5	1	2	27	36	4	11	6	51	1	21	62	306	29	300	18	48	95	144
2017	강서구	화곡3동	1,212	505	4,827	2,207	2,620	-	-	-	-	41	134	-	-	1	4	38	421	207	608	165	277	249	762	8	31	14	244	69	188	30	122	18	624	2	53	91	305	58	620	63	171	158	263
2017	강서구	화곡4동	1,482	593	3,728	1,819	1,909	-	-	-	-	80	264	-	-	2	22	43	156	428	1,009	210	273	256	513	5	12	4	42	52	90	14	40	8	20	2	83	60	434	46	358	70	104	202	308
2017	강서구	화곡6동	1,846	677	10,871	5,922	4,949	-	-	-	-	61	266	-	-	2	22	62	711	329	1,684	205	1,086	478	1,881	30	216	30	421	94	262	99	483	29	549	5	781	54	838	70	889	100	220	198	562
2017	강서구	화곡8동	1,259	508	4,007	1,743	2,264	-	-	-	-	30	81	-	-	-	-	21	102	316	825	219	259	193	510	10	230	5	57	76	123	12	70	17	153	1	22	49	172	82	1,023	46	113	182	267
2017	강서구	가양1동	3,512	1,017	35,037	23,329	11,708	-	-	-	-	105	693	-	-	6	290	114	1,076	856	4,257	359	2,173	607	2,533	199	5,538	66	715	323	2,545	266	10,635	111	2,120	1	20	86	659	79	542	88	453	246	788
2017	강서구	가양2동	595	208	3,590	1,799	1,791	-	-	-	-	12	125	1	1	-	-	14	107	118	538	111	160	72	238	8	17	7	59	36	182	19	99	13	429	2	83	18	322	59	889	22	84	83	257
2017	강서구	가양3동	907	196	7,967	4,815	3,152	-	-	-	-	60	740	-	-	1	3	27	829	222	1,955	267	931	47	201	44	553	2	11	37	167	49	582	16	615	3	423	37	370	32	365	10	53	53	169
2017	강서구	발산1동	2,340	771	12,646	6,970	5,676	-	-	-	-	47	179	-	-	6	79	38	436	900	3,687	386	1,744	271	1,133	6	18	16	267	80	210	23	233	16	343	4	186	192	1,865	114	1,498	44	177	197	591
2017	강서구	공항동	2,096	718	37,599	20,423	17,176	1	30	-	-	69	402	-	-	5	55	90	635	511	1,538	495	30,336	351	1,330	17	99	14	145	81	213	31	128	35	646	7	243	63	535	68	695	62	155	196	414
2017	강서구	방화1동	2,677	990	10,176	4,788	5,388	-	-	-	-	69	324	-	-	-	-	69	388	569	1,590	574	1,541	406	1,243	16	56	11	115	156	424	49	223	37	708	2	200	169	1,130	137	1,386	95	232	318	616
2017	강서구	방화2동	3,318	904	15,126	9,381	5,745	-	-	-	-	71	289	1	35	5	82	86	937	722	2,878	1,556	6,198	330	1,660	12	122	7	63	70	186	22	160	29	676	6	174	51	379	61	733	69	155	220	399
2017	강서구	방화3동	908	269	4,516	2,525	1,991	-	-	-	-	13	37	1	4	5	44	25	125	141	413	340	1,341	98	297	13	27	8	80	47	202	16	306	17	385	3	77	44	498	39	414	13	54	85	212
2017	강서구	화곡1동	3,104	1,212	11,276	6,162	5,114	-	-	-	-	206	733	1	1	1	1	141	2,137	582	1,764	464	575	686	2,023	31	171	13	136	141	338	36	106	32	480	3	86	86	509	144	1,268	148	256	389	692
2017	강서구	우장산동	1,684	716	7,114	3,134	3,980	-	-	-	-	35	144	1	82	1	2	53	722	296	983	288	363	217	687	8	35	14	121	117	268	24	102	28	424	1	23	201	1,139	117	1,286	62	214	221	519
2017	구로구	소계	38,405	11,298	213,468	122,446	91,022	1	1	-	-	3,729	19,002	7	102	21	219	1,020	11,691	12,201	40,111	4,768	9,552	4,688	14,686	2,096	30,009	480	8,392	1,320	4,381	1,485	15,312	697	21,935	46	4,061	1,204	10,481	1,124	13,889	888	2,403	2,630	7,241
2017	구로구	신도림동	2,864	943	15,345	7,455	7,890	-	-	-	-	754	2,234	-	-	2	10	50	692	754	2,935	173	343	320	1,764	61	600	61	1,457	106	359	69	590	32	1,696	4	58	156	1,223	99	731	52	176	171	477
2017	구로구	구로1동	736	266	3,105	1,503	1,602	-	-	-	-	38	157	-	-	1	4	19	139	125	387	178	370	78	222	20	46	4	30	48	177	8	20	16	614	2	45	60	429	40	229	22	54	77	182
2017	구로구	구로3동	7,227	1,573	83,892	52,672	31,220	-	-	-	-	803	9,470	4	9	4	44	161	3,447	1,571	10,185	168	988	785	3,505	1,661	27,181	163	2,639	280	1,113	835	10,838	195	9,193	7	338	150	2,026	112	1,156	114	417	214	1,343
2017	구로구	구로4동	2,042	937	5,162	2,256	2,906	-	-	-	-	60	125	-	-	4	34	34	142	572	1,172	153	238	445	964	30	94	29	144	85	176	63	211	77	191	3	101	70	320	108	739	86	141	223	370
2017	구로구	구로5동	4,907	1,358	27,070	14,876	12,194	-	-	-	-	132	491	-	-	1	3	142	3,019	1,439	3,913	1,429	2,552	526	1,833	163	971	96	3,159	156	865	172	1,760	94	4,178	3	107	108	853	101	1,955	106	340	239	1,071
2017	구로구	고척1동	2,590	707	9,541	5,577	3,964	-	-	-	-	599	1,491	2	91	2	10	149	976	769	2,023	255	450	302	892	15	33	11	163	62	240	24	124	22	207	3	195	66	965	69	1,020	83	359	157	302
2017	구로구	고척2동	1,407	523	3,918	1,938	1,980	-	-	-	-	94	281	-	-	-	-	41	202	328	801	286	316	185	405	3	4	5	51	61	163	6	18	17	72	3	112	82	478	74	557	34	134	188	324
2017	구로구	개봉2동	1,170	443	3,247	1,457	1,790	-	-	-	-	28	70	-	-	2	32	29	196	192	536	286	286	172	493	8	17	8	67	60	149	9	85	10	39	2	74	82	235	83	605	37	74	162	289
2017	구로구	개봉3동	990	392	5,743	2,776	2,967	1	1	-	-	54	155	-	-	-	-	37	227	202	680	201	230	147	312	5	52	4	37	42	83	10	20	11	2,854	2	19	64	430	43	350	32	75	135	218
2017	구로구	오류1동	1,125	414	4,610	2,382	2,228	-	-	-	-	26	157	-	-	-	-	28	553	269	654	169	226	221	640	16	51	10	98	61	191	22	74	22	787	2	69	41	264	62	489	53	109	123	248
2017	구로구	오류2동	1,575	522	7,814	4,515	3,299	-	-	-	-	51	281	-	-	1	11	39	222	300	958	438	1,220	192	570	9	321	10	53	77	259	25	143	20	162	4	913	127	1,268	90	755	31	76	161	602
2017	구로구	수궁동	1,266	360	5,886	3,765	2,121	-	-	-	-	159	1,124	-	-	1	1	45	289	217	772	319	949	149	336	13	249	7	42	47	92	18	86	9	35	4	197	58	979	45	421	35	53	140	261
2017	구로구	가리봉동	986	449	2,783	1,210	1,573	-	-	-	-	51	142	-	-	-	-	22	140	241	430	71	83	281	489	9	37	17	56	27	54	19	35	31	115	1	32	14	106	24	702	68	123	110	239
2017	구로구	구로2동	7,816	1,766	29,888	17,571	12,317	-	-	-	-	791	2,525	-	-	2	40	173	1,235	4,832	13,516	328	810	584	1,502	77	335	49	334	142	344	186	1,198	113	1,631	4	1,767	52	426	100	3,235	84	176	299	814
2017	구로구	개봉1동	1,704	645	5,464	2,493	2,971	-	-	-	-	89	299	1	2	1	30	51	212	390	1,149	314	491	301	759	6	18	6	62	66	116	19	110	28	161	2	34	74	479	74	945	51	96	231	501
2017	금천구	소계	31,750	8,611	228,000	142,168	85,832	1	4	2	3	5,412	40,151	6	15	27	305	1,130	15,891	8,948	41,969	2,824	9,589	3,318	10,293	2,441	36,266	227	2,505	984	3,114	1,922	26,071	610	20,864	32	1,908	675	5,452	692	7,229	588	1,464	1,911	4,907
2017	금천구	가산동	14,339	2,999	157,491	102,212	55,279	1	4	2	3	2,680	26,362	4	11	6	66	423	11,242	4,111	27,870	512	4,409	1,141	4,792	2,270	35,297	137	1,717	416	1,815	1,542	23,424	382	16,242	5	93	167	1,177	104	1,066	124	364	312	1,537
2017	금천구	독산1동	4,085	1,168	24,308	14,977	9,331	-	-	-	-	1,056	7,860	1	2	4	92	106	1,178	1,016	4,510	413	2,022	430	1,328	109	734	30	320	157	458	153	1,537	65	862	4	84	91	793	94	1,298	87	199	269	1,031
2017	금천구	독산2동	1,194	463	3,584	1,789	1,795	-	-	-	-	140	493	-	-	-	-	56	329	240	650	206	400	171	383	2	11	4	22	43	69	10	31	10	52	2	54	44	315	65	461	30	76	171	238
2017	금천구	독산3동	2,174	801	8,040	4,479	3,561	-	-	-	-	372	1,381	-	-	-	-	67	312	496	1,144	253	408	333	702	8	15	20	124	82	156	78	376	29	1,396	6	182	45	484	69	785	68	148	248	427
2017	금천구	독산4동	1,018	408	3,286	1,573	1,713	-	-	-	-	157	729	-	-	3	61	35	143	174	446	142	152	204	567	3	30	5	52	32	51	7	23	16	51	2	109	32	139	34	337	54	172	118	224
2017	금천구	시흥1동	3,023	1,216	13,776	6,639	7,137	-	-	-	-	300	1,377	-	-	6	34	98	941	742	2,087	302	355	604	1,576	16	88	13	139	114	243	45	371	43	1,707	7	1,213	118	739	151	1,895	129	274	335	737
2017	금천구	시흥2동	577	174	2,005	774	1,231	-	-	-	-	8	22	-	-	-	-	8	24	67	155	254	254	37	92	2	11	2	14	27	108	1	2	4	8	1	26	65	836	42	346	5	20	54	87
2017	금천구	시흥3동	3,325	612	10,223	7,327	2,896	-	-	-	-	577	1,488	1	2	7	42	275	1,566	1,739	4,363	234	724	126	294	25	58	10	74	37	82	73	273	54	538	1	19	25	374	18	97	23	36	100	193
2017	금천구	시흥4동	855	292	1,975	856	1,119	-	-	-	-	55	172	-	-	1	10	23	36	130	261	283	292	88	165	2	11	2	17	26	48	4	4	2	3	2	27	41	359	45	343	19	35	132	192
2017	금천구	시흥5동	1,160	478	3,312	1,542	1,770	-	-	-	-	67	267	-	-	-	-	39	120	233	483	225	573	184	394	4	11	4	26	50	84	9	30	5	5	2	101	47	236	70	601	49	140	172	241
2017	영등포구	소계	43,163	12,955	362,800	210,507	152,293	-	-	2	19	4,186	14,084	9	761	23	628	1,372	23,440	11,581	51,856	4,094	12,233	7,003	25,853	1,785	28,943	1,158	54,040	1,849	11,132	2,310	30,977	1,120	58,775	67	8,676	1,251	9,054	1,201	16,182	1,096	3,956	3,056	12,191
2017	영등포구	여의도동	8,082	2,277	150,277	92,142	58,135	-	-	-	-	123	579	5	641	6	117	174	9,324	1,751	13,321	171	2,356	1,701	9,660	763	15,415	570	41,884	372	3,521	1,005	20,502	339	17,802	17	4,242	210	1,617	199	3,664	134	1,228	542	4,404
2017	영등포구	당산1동	3,153	981	19,916	10,857	9,059	-	-	-	-	211	623	-	-	-	-	97	1,813	1,077	3,233	142	1,052	541	1,214	80	398	102	1,765	126	339	259	1,492	72	3,978	5	2,282	51	266	69	780	88	175	233	506
2017	영등포구	당산2동	2,245	729	20,112	10,869	9,243	-	-	-	-	87	486	-	-	3	49	95	1,103	459	2,238	139	849	374	1,341	135	1,536	80	3,051	151	561	152	1,291	65	4,603	5	114	150	1,141	110	725	70	227	170	797
2017	영등포구	양평1동	3,114	526	23,033	13,355	9,678	-	-	-	-	360	1,448	-	-	2	26	81	1,659	549	4,315	1,176	2,099	291	841	110	1,159	49	886	94	382	125	1,529	52	7,003	3	276	43	348	34	422	29	86	116	554
2017	영등포구	양평2동	2,102	592	18,290	11,462	6,828	-	-	-	-	187	1,574	-	-	1	102	88	1,273	487	3,749	172	1,309	334	1,050	176	2,310	56	789	101	413	159	2,115	55	1,774	2	20	76	645	46	496	40	97	122	574
2017	영등포구	신길1동	1,157	444	6,772	3,867	2,905	-	-	-	-	56	160	-	-	1	2	44	175	297	653	107	117	225	538	19	76	5	49	60	2,307	24	345	27	476	2	53	43	257	52	1,199	50	114	145	251
2017	영등포구	신길3동	1,555	396	3,105	1,793	1,312	-	-	-	-	61	153	-	-	1	2	38	141	297	550	699	706	148	285	7	14	11	107	47	121	10	64	7	196	1	23	32	145	55	342	32	70	109	186
2017	영등포구	신길4동	484	163	1,637	725	912	-	-	-	-	15	154	-	-	-	-	19	49	97	339	111	119	66	147	5	79	6	55	30	53	3	12	7	12	1	19	28	127	26	303	10	20	60	149
2017	영등포구	신길5동	604	208	2,753	1,653	1,100	-	-	-	-	38	117	-	-	-	-	36	562	149	387	96	306	107	241	5	14	2	5	27	63	6	18	11	122	3	57	17	333	18	265	22	107	67	156
2017	영등포구	신길6동	1,282	488	4,564	2,120	2,444	-	-	-	-	61	149	-	-	-	-	54	249	258	804	158	192	207	604	15	53	8	40	97	359	61	231	16	418	3	229	79	412	70	482	46	82	149	260
2017	영등포구	신길7동	594	222	2,615	1,372	1,243	-	-	-	-	20	58	1	43	-	-	18	179	146	402	48	71	111	324	20	67	7	29	44	88	22	262	14	109	2	285	35	247	31	275	18	41	57	135
2017	영등포구	대림1동	1,094	427	4,347	1,780	2,567	-	-	1	18	82	252	-	-	-	-	58	193	297	710	95	103	190	513	11	22	11	62	57	111	22	46	14	26	1	20	31	192	55	1,794	41	71	128	214
2017	영등포구	대림2동	1,415	645	4,615	2,062	2,553	-	-	-	-	73	168	-	-	2	4	29	142	325	1,123	92	97	396	1,024	7	19	40	139	58	103	35	64	42	291	2	60	34	290	42	714	78	146	160	231
2017	영등포구	대림3동	2,140	720	9,929	5,551	4,378	-	-	-	-	217	929	-	-	-	-	131	962	570	1,866	199	377	332	746	9	554	25	202	85	176	55	227	66	1,265	3	83	78	526	65	904	105	201	200	911
2017	영등포구	영등포본동	1,482	618	5,520	2,605	2,915	-	-	-	-	44	131	-	-	1	23	28	170	575	1,610	157	480	255	941	16	214	7	40	55	118	21	99	36	95	4	112	60	695	49	398	45	121	129	273
2017	영등포구	영등포동	6,320	2,071	39,149	20,116	19,033	-	-	1	1	561	1,504	1	68	3	30	220	2,614	2,668	8,590	135	525	1,102	4,480	163	3,284	94	1,879	234	667	145	1,139	170	8,336	5	299	117	712	155	2,495	174	811	372	1,715
2017	영등포구	도림동	1,052	348	3,638	2,241	1,397	-	-	-	-	71	205	-	-	-	-	52	464	241	692	176	356	138	306	23	94	8	83	51	143	23	77	17	519	2	21	49	153	39	253	33	49	129	223
2017	영등포구	문래동	5,288	1,100	42,528	25,937	16,591	-	-	-	-	1,919	5,394	2	9	3	273	110	2,368	1,338	7,274	221	1,119	485	1,598	221	3,635	77	2,975	160	1,607	183	1,464	110	11,750	6	481	118	948	86	671	81	310	168	652
2017	동작구	소계	19,966	7,824	110,422	53,384	57,038	-	-	1	2	651	2,228	3	142	14	435	569	4,921	4,689	14,990	2,115	3,290	4,143	12,907	240	4,182	199	3,558	1,203	5,348	414	6,640	323	12,877	44	3,217	1,215	15,448	1,010	12,622	812	2,600	2,321	5,015
2017	동작구	노량진2동	1,634	573	6,715	3,632	3,083	-	-	-	-	33	76	-	-	2	59	16	33	879	2,361	68	88	303	852	19	286	22	350	48	88	23	112	15	466	3	1,050	32	198	24	324	41	99	106	273
2017	동작구	상도1동	1,697	678	8,757	4,447	4,310	-	-	-	-	51	215	-	-	-	-	50	405	316	1,154	186	367	407	1,278	31	237	7	76	104	247	35	246	24	40	3	61	136	3,052	87	771	72	190	188	418
2017	동작구	상도2동	1,344	588	5,059	2,311	2,748	-	-	-	-	50	161	1	50	1	40	31	199	289	739	121	146	261	741	12	30	9	95	105	255	29	116	15	43	4	188	92	636	106	1,133	57	154	161	333
2017	동작구	상도3동	1,017	385	2,937	1,413	1,524	-	-	-	-	45	133	-	-	-	-	40	191	212	643	232	267	148	438	1	6	7	56	51	108	8	37	7	55	3	56	34	133	60	490	38	106	131	218
2017	동작구	상도4동	934	340	2,787	1,233	1,554	-	-	-	-	34	130	-	-	1	4	29	80	176	460	228	288	141	333	5	20	2	18	39	83	7	11	6	10	1	26	58	406	57	649	25	53	125	216
2017	동작구	사당1동	1,856	677	10,295	4,886	5,409	-	-	-	-	57	136	1	89	-	-	73	733	346	1,392	153	224	410	1,206	31	376	68	1,623	139	462	73	504	44	1,579	2	73	73	377	91	817	80	174	215	530
2017	동작구	사당3동	959	342	4,219	2,133	2,086	-	-	-	-	33	88	-	-	1	17	47	247	194	476	110	195	132	387	14	35	4	21	70	390	18	36	23	577	3	71	85	984	46	385	23	65	156	245
2017	동작구	사당4동	664	262	1,791	815	976	-	-	-	-	35	85	-	-	-	-	27	99	162	446	96	113	93	213	2	4	3	37	32	82	4	8	9	28	1	24	24	88	54	372	25	56	97	136
2017	동작구	사당5동	508	159	1,738	936	802	-	-	-	-	25	75	-	-	1	25	29	100	87	294	109	154	55	151	9	24	1	4	26	66	16	124	10	50	2	20	37	339	13	81	8	105	80	126
2017	동작구	대방동	1,734	638	12,303	6,852	5,451	-	-	1	2	49	232	-	-	1	8	58	1,542	345	1,365	207	399	274	1,042	29	340	15	377	112	450	50	947	32	1,783	3	116	201	1,852	103	1,041	60	171	194	636
2017	동작구	신대방1동	1,052	441	4,104	2,125	1,979	-	-	-	-	54	161	-	-	2	14	39	314	235	680	100	124	171	461	9	25	10	100	65	178	26	194	27	599	2	68	73	433	61	407	34	96	144	250
2017	동작구	신대방2동	1,238	466	23,348	10,395	12,953	-	-	-	-	59	270	-	-	2	219	39	532	198	1,700	109	142	275	979	27	2,459	22	532	83	1,994	54	3,718	36	5,708	7	886	55	556	69	2,691	46	479	157	483
2017	동작구	흑석동	1,514	684	10,524	4,882	5,642	-	-	-	-	49	152	-	-	2	35	38	180	311	747	133	378	395	1,299	9	51	8	76	116	269	15	410	18	246	2	72	102	3,749	67	2,327	53	152	196	381
2017	동작구	노량진1동	2,148	910	9,368	4,622	4,746	-	-	-	-	34	76	-	-	1	14	27	150	542	1,265	145	200	676	2,168	24	180	10	80	118	355	19	59	35	1,032	6	463	137	2,181	68	418	158	466	148	261
2017	동작구	사당2동	1,667	681	6,477	2,702	3,775	-	-	-	-	43	238	1	3	-	-	26	116	397	1,268	118	205	402	1,359	18	109	11	113	95	321	37	118	22	661	2	43	76	464	104	716	92	234	223	509
2017	관악구	소계	26,374	9,756	115,390	60,398	54,992	-	-	1	5	1,350	5,480	-	-	12	171	695	9,125	5,164	16,347	4,089	6,609	5,640	17,322	299	3,124	180	2,182	1,402	3,960	586	4,725	347	6,590	50	3,763	1,227	15,100	1,172	11,432	1,068	3,088	3,092	6,367
2017	관악구	보라매동	1,407	605	7,026	3,553	3,473	-	-	-	-	68	246	-	-	-	-	39	306	445	1,316	177	261	261	751	17	321	14	257	52	212	15	607	15	1,260	1	22	55	599	57	526	33	71	158	271
2017	관악구	청림동	446	199	1,262	532	730	-	-	-	-	21	52	-	-	-	-	10	22	66	175	85	85	62	163	1	2	1	12	29	79	3	25	2	43	1	18	50	141	37	278	14	57	64	110
2017	관악구	행운동	1,480	603	6,467	2,941	3,526	-	-	-	-	47	154	-	-	-	-	35	223	320	1,962	154	161	280	748	30	317	15	183	82	215	43	171	24	288	3	55	101	719	78	703	48	159	220	409
2017	관악구	낙성대동	1,323	436	7,768	4,392	3,376	-	-	-	-	63	216	-	-	-	-	34	521	182	831	125	620	461	1,917	38	436	14	207	71	277	46	527	9	565	2	92	33	282	54	575	64	291	127	411
2017	관악구	중앙동	1,028	353	4,941	2,290	2,651	-	-	-	-	61	179	-	-	-	-	33	641	197	741	104	123	205	663	9	43	15	215	73	280	28	100	12	407	1	19	59	512	76	620	37	144	118	254
2017	관악구	인헌동	1,025	416	4,017	1,867	2,150	-	-	-	-	56	406	-	-	1	17	25	190	219	565	107	124	199	508	13	345	8	111	66	172	25	264	11	244	2	23	52	294	65	442	46	88	130	224
2017	관악구	남현동	846	332	4,905	2,610	2,295	-	-	-	-	19	75	-	-	-	-	13	416	156	670	93	101	241	938	15	113	9	150	38	70	18	670	13	666	5	90	49	290	43	268	29	82	105	306
2017	관악구	서원동	1,312	526	7,024	3,207	3,817	-	-	-	-	16	49	-	-	1	19	29	498	306	1,149	107	130	394	1,696	16	124	17	165	48	188	33	146	16	574	2	84	50	251	55	1,224	77	296	145	431
2017	관악구	신원동	847	353	2,355	983	1,372	-	-	-	-	53	149	-	-	-	-	25	72	215	430	88	90	171	349	5	16	3	21	41	77	16	60	10	60	2	145	40	249	39	422	26	42	113	173
2017	관악구	서림동	1,311	332	3,331	2,074	1,257	-	-	-	-	34	109	-	-	-	-	22	94	151	407	579	937	222	502	6	31	1	12	55	96	8	36	19	48	2	75	44	321	36	383	40	113	92	167
2017	관악구	신사동	1,384	515	4,721	2,498	2,223	-	-	-	-	130	603	-	-	-	-	60	593	336	918	122	307	230	557	11	25	8	49	82	187	26	109	21	121	2	53	54	326	46	438	56	109	200	326
2017	관악구	신림동	1,659	706	5,964	3,051	2,913	-	-	-	-	36	111	-	-	2	3	29	437	315	1,002	48	52	611	1,988	11	277	7	57	125	286	35	119	22	125	2	58	27	126	63	468	120	317	206	538
2017	관악구	난향동	426	145	2,144	1,006	1,138	-	-	-	-	25	100	-	-	-	-	12	37	60	141	133	271	45	104	1	5	3	20	17	56	2	3	7	648	2	52	26	288	34	278	16	52	43	89
2017	관악구	조원동	2,215	739	7,919	4,533	3,386	-	-	-	-	247	1,031	-	-	3	62	72	547	421	1,316	497	629	375	1,121	20	493	14	148	93	252	40	226	45	466	2	333	44	198	61	495	81	195	200	407
2017	관악구	대학동	1,669	624	12,981	7,113	5,868	-	-	-	-	14	54	-	-	1	4	8	16	183	550	94	377	684	2,019	49	269	8	112	102	217	115	1,145	37	253	4	38	69	6,706	38	488	137	449	126	284
2017	관악구	은천동	1,640	582	7,316	3,987	3,329	-	-	-	-	121	574	-	-	2	37	56	1,013	325	1,104	253	631	270	687	16	89	12	125	79	204	28	105	25	335	4	177	104	586	73	1,077	50	108	222	464
2017	관악구	성현동	877	314	2,928	1,353	1,575	-	-	-	-	35	106	-	-	-	-	33	135	113	244	232	237	84	198	5	16	2	14	47	157	10	127	6	234	1	36	105	785	58	395	22	82	124	162
2017	관악구	청룡동	1,856	721	11,363	6,642	4,721	-	-	-	-	75	235	-	-	2	29	55	2,317	387	1,143	122	193	414	1,386	31	167	18	202	154	514	61	193	30	133	6	2,255	83	873	88	934	84	219	246	570
2017	관악구	난곡동	973	311	2,426	1,162	1,264	-	-	-	-	42	133	-	-	-	-	29	68	179	412	288	298	110	264	1	4	4	36	30	52	6	15	7	27	1	25	47	413	54	372	31	68	144	239
2017	관악구	삼성동	1,052	369	2,338	1,209	1,129	-	-	-	-	35	55	-	-	-	-	25	47	256	485	335	370	108	190	2	3	2	23	48	128	5	12	4	5	1	28	48	450	39	321	15	23	129	198
2017	관악구	미성동	1,598	575	6,194	3,395	2,799	-	-	1	5	152	843	-	-	-	-	51	932	332	786	346	612	213	573	2	28	5	63	70	241	23	65	12	88	4	85	87	691	78	725	42	123	180	334
2017	서초구	소계	46,207	14,783	436,763	262,455	174,308	4	29	2	5	1,064	5,666	13	146	16	285	1,805	69,230	12,253	68,309	1,390	8,717	6,728	31,508	2,201	29,731	941	18,249	3,153	13,460	6,303	64,040	1,296	56,251	67	11,070	2,529	21,284	1,672	19,747	1,328	6,077	3,442	12,959
2017	서초구	서초1동	3,612	950	34,095	21,071	13,024	-	-	-	-	79	699	-	-	-	-	111	6,111	1,003	5,591	71	392	471	1,908	215	2,872	66	1,320	257	955	591	4,837	106	4,630	3	83	160	1,936	116	1,356	108	311	255	1,094
2017	서초구	서초2동	4,356	1,200	53,006	35,427	17,579	1	20	1	3	66	176	2	113	1	24	154	13,164	1,008	5,707	50	481	550	2,865	367	4,107	191	7,977	338	1,848	586	4,639	175	6,024	5	1,589	340	1,608	133	1,175	78	334	310	1,152
2017	서초구	서초3동	7,525	1,852	78,122	45,961	32,161	-	-	-	-	122	1,020	3	11	3	87	221	6,418	1,340	10,060	152	1,067	1,064	4,952	419	7,990	174	2,145	456	2,001	2,264	15,752	233	11,566	14	6,267	231	3,236	149	1,330	246	2,037	434	2,183
2017	서초구	서초4동	2,869	923	27,550	13,655	13,895	-	-	-	-	26	168	-	-	-	-	43	2,987	478	5,102	27	124	499	3,216	76	491	81	1,035	246	1,200	566	3,465	89	3,269	3	44	212	2,324	263	3,072	89	374	171	679
2017	서초구	잠원동	2,137	735	17,616	10,488	7,128	-	-	1	2	57	559	-	-	2	5	72	4,464	390	2,991	45	204	417	1,927	145	1,448	40	361	195	772	227	1,808	77	973	2	30	134	658	105	803	73	227	155	384
2017	서초구	반포본동	682	377	2,652	1,212	1,440	-	-	-	-	14	30	-	-	-	-	9	17	239	458	2	2	108	327	4	170	6	61	39	130	11	58	15	139	2	89	122	909	21	88	13	24	77	150
2017	서초구	반포1동	1,508	572	9,952	5,586	4,366	-	-	-	-	22	125	-	-	-	-	43	1,065	312	2,270	27	55	276	906	58	738	32	412	147	495	128	1,148	39	497	2	71	83	671	105	806	53	215	181	478
2017	서초구	반포2동	455	217	2,670	1,292	1,378	-	-	-	-	5	9	-	-	1	2	15	64	82	200	10	30	42	166	9	78	10	105	69	492	9	53	9	47	3	202	76	593	34	208	19	180	62	241
2017	서초구	반포3동	969	429	7,480	3,921	3,559	-	-	-	-	9	50	1	5	-	-	13	1,708	263	1,100	16	44	140	974	10	21	17	141	113	443	32	208	13	763	1	21	139	781	91	830	26	155	85	236
2017	서초구	반포4동	3,586	1,692	30,004	14,431	15,573	-	-	-	-	79	147	-	-	2	68	27	2,364	1,879	7,037	54	1,806	544	4,483	55	472	43	522	136	556	149	1,881	47	1,777	7	267	243	2,063	68	4,865	71	764	182	932
2017	서초구	방배본동	1,583	598	8,705	5,006	3,699	-	-	-	-	44	124	-	-	-	-	77	529	428	1,888	51	157	288	977	58	774	10	154	87	588	111	623	35	1,498	2	48	100	420	43	347	74	176	175	402
2017	서초구	방배1동	1,805	642	17,008	9,657	7,351	-	-	-	-	41	184	-	-	-	-	78	4,580	416	2,044	52	68	288	1,024	94	775	27	717	144	372	177	1,369	45	4,054	1	20	107	552	78	446	91	224	166	579
2017	서초구	방배2동	1,977	666	18,695	10,232	8,463	-	-	-	-	64	200	-	-	-	-	125	2,293	431	2,753	137	1,341	362	1,519	71	979	62	1,219	140	383	140	1,031	57	4,425	3	462	87	640	64	549	56	111	178	790
2017	서초구	방배3동	1,196	385	14,893	10,087	4,806	-	-	-	-	44	147	2	5	3	33	78	4,507	270	1,791	69	390	107	403	65	1,171	21	400	95	480	96	943	43	1,469	4	114	76	1,512	42	741	28	78	153	709
2017	서초구	방배4동	2,396	801	14,199	7,663	6,536	-	-	-	-	101	317	-	-	-	-	132	1,368	538	2,455	82	254	297	879	109	1,221	41	530	181	790	248	1,818	67	1,963	2	184	149	976	129	768	69	228	251	448
2017	서초구	양재1동	3,599	1,086	43,639	28,690	14,949	1	1	-	-	104	820	3	9	2	53	201	8,174	822	4,925	217	582	569	2,265	208	3,476	39	449	243	756	425	10,309	101	7,106	5	538	148	1,470	133	1,268	103	210	275	1,228
2017	서초구	양재2동	5,271	1,430	49,006	33,185	15,821	1	6	-	-	176	838	2	3	2	13	379	7,423	2,059	10,949	238	1,027	637	2,422	233	2,910	76	678	229	1,102	521	13,812	137	5,259	3	50	98	684	55	324	123	373	302	1,133
2017	서초구	내곡동	681	228	7,471	4,891	2,580	1	2	-	-	11	53	-	-	-	-	27	1,994	295	988	90	693	69	295	5	38	5	23	38	97	22	286	8	792	5	991	24	251	43	771	8	56	30	141
2017	강남구	소계	72,511	22,549	679,047	379,008	300,039	1	2	3	10	1,707	14,910	25	1,052	24	856	2,071	55,618	17,274	133,772	3,092	11,093	11,074	56,982	4,662	58,867	1,951	35,865	5,686	29,287	8,798	103,202	2,093	71,474	57	6,052	3,850	29,001	3,057	39,254	1,833	8,557	5,253	23,193
2017	강남구	신사동	4,365	1,561	26,783	12,437	14,346	-	-	-	-	252	960	1	3	-	-	90	841	1,088	5,993	50	129	807	4,464	190	2,245	42	286	224	874	508	3,653	80	1,180	2	54	257	1,296	359	3,359	101	429	314	1,017
2017	강남구	논현1동	5,578	1,618	40,669	21,624	19,045	-	-	-	-	162	1,011	-	-	1	95	159	3,351	1,434	8,912	107	315	787	3,836	448	4,982	98	902	395	1,205	832	5,823	216	4,609	2	78	126	769	244	2,718	149	610	418	1,453
2017	강남구	논현2동	5,542	1,655	59,822	34,515	25,307	-	-	1	3	159	1,726	-	-	-	-	184	7,174	1,189	10,120	181	1,636	948	4,456	489	6,314	107	1,565	364	2,057	960	11,243	199	7,710	4	587	117	954	168	1,706	131	687	341	1,884
2017	강남구	삼성1동	4,169	1,218	62,947	36,690	26,257	-	-	-	-	60	636	1	3	-	-	98	4,391	1,439	19,189	93	769	694	5,745	252	8,775	145	1,986	295	2,269	488	8,304	152	5,833	4	236	84	941	105	1,298	83	1,305	176	1,267
2017	강남구	삼성2동	3,740	1,100	42,389	24,390	17,999	-	-	-	-	85	335	-	-	3	3	126	2,577	796	4,925	69	508	496	2,136	304	3,905	167	4,245	408	2,016	551	7,121	112	9,004	4	2,333	143	698	112	1,285	82	351	282	947
2017	강남구	대치1동	1,133	477	7,278	3,203	4,075	-	-	-	-	12	33	-	-	-	-	22	103	162	513	10	17	154	894	5	11	24	334	123	441	14	447	6	16	3	173	356	3,103	108	706	35	153	99	334
2017	강남구	대치4동	3,699	1,238	29,228	17,054	12,174	-	-	-	-	64	241	1	215	1	66	79	830	738	7,906	47	312	683	2,991	150	2,089	94	2,718	326	1,655	272	3,328	73	1,503	2	105	586	2,792	134	1,114	121	412	328	951
2017	강남구	역삼1동	15,590	4,218	146,000	85,167	60,833	1	2	-	-	169	1,342	8	306	3	70	360	10,587	3,391	25,371	163	1,220	2,478	12,898	1,541	15,226	638	13,228	1,346	7,302	2,635	32,591	510	8,447	8	757	538	4,279	446	5,978	363	1,494	992	4,902
2017	강남구	역삼2동	3,480	1,004	40,049	22,189	17,860	-	-	-	-	70	1,496	2	2	1	1	122	3,215	732	5,991	78	897	514	1,924	262	3,357	143	3,983	378	2,201	462	5,080	131	8,244	2	62	136	1,196	130	1,218	95	343	222	839
2017	강남구	도곡1동	1,688	531	15,994	9,305	6,689	-	-	-	-	38	412	1	80	-	-	49	2,266	376	2,165	57	172	245	1,069	119	1,393	41	517	169	758	160	1,843	47	897	-	-	105	754	108	3,001	40	200	133	467
2017	강남구	도곡2동	1,858	642	22,508	13,505	9,003	-	-	-	-	41	1,658	2	6	2	148	88	3,827	505	3,862	29	555	268	1,386	103	2,002	58	935	147	824	209	2,871	39	2,329	1	22	109	944	61	327	69	319	127	493
2017	강남구	개포1동	467	167	1,460	961	499	-	-	-	-	8	11	-	-	1	3	18	59	79	186	164	569	20	46	3	4	1	7	59	234	2	3	3	7	1	17	28	163	13	56	3	6	64	89
2017	강남구	개포4동	2,182	604	11,888	7,675	4,213	-	-	-	-	77	252	-	-	-	-	212	2,641	716	2,690	102	330	218	646	77	621	10	62	113	638	248	1,580	44	396	4	85	70	454	63	714	72	206	156	573
2017	강남구	일원본동	448	217	8,210	2,291	5,919	-	-	-	-	4	12	-	-	-	-	14	57	81	287	35	53	56	409	2	5	5	52	53	251	12	16	3	14	2	51	67	606	42	6,250	10	22	62	125
2017	강남구	일원1동	2,162	348	7,064	4,388	2,676	-	-	-	-	30	78	1	112	2	81	55	1,195	200	626	1,283	1,308	190	650	20	110	6	39	35	86	40	263	24	1,253	2	61	58	357	66	455	56	185	94	205
2017	강남구	일원2동	646	237	8,831	6,379	2,452	-	-	-	-	9	26	3	308	2	141	26	143	171	567	69	190	77	227	12	597	7	75	47	1,048	33	273	16	3,724	2	403	42	225	50	649	17	104	63	131
2017	강남구	수서동	1,527	378	17,219	10,460	6,759	-	-	-	-	34	213	1	8	1	4	94	3,252	516	4,055	96	676	192	975	83	473	13	437	94	487	143	1,211	53	3,791	2	56	35	430	60	672	20	227	90	252
2017	강남구	세곡동	1,025	338	5,389	2,976	2,413	-	-	-	-	8	61	-	-	-	-	6	59	216	1,173	278	768	145	476	5	18	14	73	79	279	19	447	6	15	2	54	69	719	81	942	23	96	74	209
2017	강남구	압구정동	4,131	1,597	28,141	12,094	16,047	-	-	-	-	127	765	1	2	1	1	51	491	1,194	6,976	37	111	721	4,056	143	1,268	76	826	230	1,061	361	3,689	78	1,012	2	53	261	2,250	323	2,779	113	431	412	2,370
2017	강남구	청담동	4,432	1,770	39,229	18,686	20,543	-	-	-	-	192	2,278	-	-	6	243	101	3,410	1,102	8,435	60	206	714	4,731	177	2,192	89	1,078	405	1,458	449	4,287	173	2,424	3	259	174	1,311	241	2,917	100	448	446	3,552
2017	강남구	대치2동	3,965	1,320	54,807	31,685	23,122	-	-	2	7	90	1,326	3	7	-	-	102	5,078	1,013	13,395	79	329	534	2,539	268	3,260	165	2,449	320	1,900	380	8,992	119	9,047	4	591	389	3,683	106	830	119	448	272	926
2017	강남구	개포2동	684	311	3,142	1,334	1,808	-	-	-	-	16	38	-	-	-	-	15	71	136	435	5	23	133	428	9	20	8	68	76	243	20	137	9	19	1	15	100	1,077	37	280	31	81	88	207
2017	송파구	소계	46,676	15,751	329,447	198,578	130,869	9	315	2	5	1,487	8,803	9	25	30	622	1,887	45,141	13,728	58,913	5,746	15,124	7,032	28,346	776	23,646	522	8,764	2,486	13,280	2,165	25,352	800	31,046	71	6,687	2,299	18,803	1,781	25,071	1,622	8,597	4,224	10,907
2017	송파구	풍납1동	752	291	2,611	1,225	1,386	-	-	-	-	44	313	-	-	-	-	21	124	174	365	133	290	127	241	3	45	11	176	31	67	15	42	11	114	2	21	30	197	32	306	23	37	95	273
2017	송파구	풍납2동	1,168	426	15,033	5,943	9,090	-	-	-	-	41	409	-	-	5	33	40	392	245	978	180	496	147	519	6	56	7	78	74	183	80	442	18	938	4	345	92	1,311	61	8,466	40	107	128	280
2017	송파구	거여1동	839	270	3,732	1,944	1,788	-	-	-	-	54	171	2	4	-	-	37	195	181	746	179	215	124	302	7	34	1	2	31	77	12	81	12	859	1	16	36	314	36	503	35	83	91	130
2017	송파구	거여2동	905	295	4,088	2,154	1,934	-	-	-	-	39	138	-	-	-	-	22	266	141	325	238	771	110	301	4	17	5	48	57	143	15	329	20	112	2	45	47	320	67	1,029	44	96	94	148
2017	송파구	마천1동	960	332	2,333	1,181	1,152	-	-	-	-	48	155	-	-	-	-	20	54	161	342	293	472	144	300	1	5	1	9	52	98	4	4	4	27	3	47	31	236	41	304	22	40	135	240
2017	송파구	마천2동	1,352	475	4,337	2,460	1,877	2	12	-	-	108	389	-	-	-	-	49	152	329	847	311	758	176	372	5	78	7	90	45	90	11	116	6	22	3	210	42	196	73	707	34	60	151	238
2017	송파구	방이1동	1,382	517	9,915	6,097	3,818	-	-	-	-	57	608	-	-	-	-	80	1,995	271	1,712	89	232	256	939	12	52	8	58	74	468	58	742	17	705	2	87	198	1,364	51	385	64	180	145	388
2017	송파구	방이2동	2,940	960	21,081	13,922	7,159	-	-	-	-	73	662	1	1	-	-	145	3,908	691	3,884	186	402	693	2,757	72	1,489	49	663	191	630	241	1,596	66	2,120	1	18	86	1,043	89	939	128	284	228	685
2017	송파구	오륜동	522	235	4,455	2,333	2,122	1	3	-	-	6	13	-	-	1	4	18	69	189	382	7	16	53	468	2	47	10	104	25	132	6	43	7	315	3	305	29	1,148	18	99	69	1,055	78	252
2017	송파구	오금동	2,378	758	15,311	8,751	6,560	-	-	-	-	150	980	-	-	1	13	172	1,625	556	2,692	372	935	299	966	22	604	13	105	99	325	57	853	43	3,423	2	47	192	1,286	71	631	87	310	242	516
2017	송파구	송파1동	2,535	808	14,100	8,803	5,297	-	-	-	-	82	246	-	-	1	90	132	4,486	507	1,646	556	645	338	1,086	51	478	25	190	106	399	157	997	62	809	2	15	110	637	73	1,640	89	203	244	533
2017	송파구	송파2동	893	382	4,134	2,141	1,993	-	-	-	-	21	138	-	-	-	-	34	381	209	607	77	83	133	347	6	27	3	24	68	212	20	486	17	293	1	14	105	923	50	244	31	75	118	280
2017	송파구	석촌동	2,570	903	15,121	8,729	6,392	1	113	-	-	113	451	-	-	-	-	152	3,701	616	1,980	219	320	455	1,282	51	295	36	628	163	429	110	1,219	55	1,760	3	36	106	778	98	1,041	122	230	270	858
2017	송파구	삼전동	2,080	744	14,428	10,003	4,425	1	171	-	-	72	417	-	-	2	46	89	4,722	420	1,654	226	552	355	1,076	29	232	11	73	135	507	76	546	24	1,729	3	106	161	982	90	794	103	247	283	574
2017	송파구	가락본동	3,587	1,122	26,403	16,563	9,840	1	1	-	-	116	769	1	8	2	98	226	5,346	1,096	5,036	182	344	600	2,136	117	1,503	45	577	183	935	239	2,564	96	1,757	5	983	95	1,089	98	2,098	210	512	275	647
2017	송파구	가락1동	2,800	671	10,718	7,556	3,162	1	5	-	-	9	94	-	-	3	33	1	4	2,584	8,753	12	43	77	318	3	15	6	69	2	366	21	122	9	569	2	45	-	-	11	82	2	4	57	196
2017	송파구	가락2동	1,869	699	9,696	5,283	4,413	-	-	2	5	80	313	-	-	1	31	116	1,177	417	2,039	179	300	255	870	33	391	14	135	106	534	59	948	26	601	2	17	157	837	101	791	82	197	239	510
2017	송파구	문정1동	1,370	485	9,087	5,824	3,263	-	-	-	-	61	346	-	-	1	11	87	1,065	373	1,521	126	950	187	537	14	107	4	31	102	507	58	405	24	2,384	1	16	67	367	48	344	53	134	164	362
2017	송파구	문정2동	5,153	1,292	41,271	28,035	13,236	1	1	-	-	153	1,342	3	9	6	147	199	6,662	1,684	7,731	926	2,157	584	2,712	225	2,827	55	439	254	1,944	557	6,851	127	5,225	9	1,733	74	276	90	547	39	180	167	488
2017	송파구	장지동	1,388	454	10,344	6,897	3,447	-	-	-	-	39	145	-	-	2	26	70	684	223	812	301	2,295	183	503	6	102	6	53	94	1,857	48	1,257	19	256	3	107	103	1,062	96	644	47	176	148	365
2017	송파구	위례동	533	236	3,457	2,019	1,438	-	-	-	-	1	4	-	-	1	55	-	-	91	334	88	1,333	131	618	1	6	1	10	80	294	2	6	1	2	2	18	47	432	27	192	12	30	48	123
2017	송파구	잠실본동	3,037	1,103	22,895	13,577	9,318	-	-	-	-	74	302	1	1	1	3	83	3,561	640	2,777	115	330	779	3,289	57	852	43	448	182	1,007	145	1,933	63	4,789	2	17	161	887	157	1,142	211	668	323	889
2017	송파구	잠실4동	495	247	1,957	733	1,224	-	-	-	-	8	20	-	-	3	32	9	36	93	269	49	61	60	222	2	21	6	45	64	265	10	27	-	-	2	53	57	465	61	279	9	22	62	140
2017	송파구	잠실6동	2,620	801	46,806	29,549	17,257	1	9	-	-	20	333	1	2	-	-	39	4,320	782	8,004	576	772	400	3,166	38	14,310	116	4,296	81	1,089	133	3,647	49	1,982	2	2,055	93	464	91	987	26	316	172	1,054
2017	송파구	잠실7동	202	105	1,244	542	702	-	-	-	-	1	2	-	-	-	-	8	93	66	93	7	26	21	52	2	3	4	47	19	79	1	2	3	173	1	9	22	514	7	22	4	20	36	109
2017	송파구	잠실2동	757	362	4,563	2,144	2,419	-	-	-	-	3	12	-	-	-	-	16	71	200	585	55	229	106	469	2	12	14	108	66	310	8	27	11	33	4	220	83	1,006	64	348	19	829	106	304
2017	송파구	잠실3동	1,589	778	10,327	4,170	6,157	-	-	-	-	14	31	-	-	-	-	22	52	789	2,799	64	97	239	2,498	5	38	21	258	102	333	22	67	10	49	4	102	75	669	80	507	17	2,502	125	325
2017	강동구	소계	29,952	10,466	146,512	77,578	68,934	4	48	-	-	1,566	6,508	3	94	15	511	1,072	17,302	6,897	24,610	5,597	9,738	4,885	15,466	257	2,043	278	4,141	1,531	4,286	602	5,909	431	13,764	46	3,534	1,479	11,239	1,234	17,337	969	3,112	3,086	6,870
2017	강동구	강일동	955	280	14,962	11,279	3,683	-	-	-	-	10	68	-	-	1	40	21	5,716	122	617	358	2,119	86	412	8	311	10	72	57	258	16	2,663	8	624	2	58	87	1,008	76	697	20	127	73	172
2017	강동구	상일동	976	277	5,538	2,882	2,656	1	6	-	-	65	180	-	-	-	-	35	237	184	604	252	325	167	545	3	9	5	29	52	150	20	76	11	89	1	18	44	861	24	2,132	29	139	83	138
2017	강동구	명일1동	1,665	734	6,341	2,682	3,659	-	-	-	-	48	136	-	-	-	-	34	300	433	1,129	161	183	334	966	6	16	14	137	80	241	20	118	16	398	3	48	128	706	113	1,228	81	238	194	497
2017	강동구	명일2동	1,134	481	4,752	2,040	2,712	-	-	-	-	33	99	-	-	-	-	32	133	294	1,122	68	71	157	738	6	17	8	97	70	344	13	56	11	86	2	50	213	1,111	59	424	57	169	111	235
2017	강동구	고덕1동	714	282	2,390	1,133	1,257	-	-	-	-	31	70	-	-	-	-	27	108	119	299	175	201	85	207	5	7	2	11	61	142	6	12	6	34	3	94	60	685	35	363	15	37	84	120
2017	강동구	고덕2동	1,666	228	3,034	2,104	930	-	-	-	-	24	85	1	6	2	51	13	52	131	297	1,218	1,250	106	270	2	2	3	16	35	51	2	4	2	5	1	19	18	438	21	218	14	119	73	151
2017	강동구	암사2동	864	316	5,290	2,452	2,838	-	-	-	-	39	136	-	-	-	-	32	1,008	157	632	176	447	131	389	12	27	3	39	54	103	13	69	8	1,243	2	47	70	490	52	304	33	121	82	235
2017	강동구	암사3동	614	222	2,121	1,060	1,061	-	-	-	-	27	72	-	-	2	119	14	233	135	355	168	171	47	134	3	8	1	11	30	86	6	12	1	6	2	73	71	465	31	225	8	36	68	115
2017	강동구	천호1동	1,575	513	6,253	3,190	3,063	-	-	-	-	111	465	-	-	-	-	55	582	307	883	387	726	218	698	7	126	10	132	78	236	19	110	26	576	3	28	65	686	62	587	42	138	185	280
2017	강동구	천호3동	1,859	692	7,527	3,882	3,645	-	-	-	-	63	220	-	-	1	17	66	335	515	1,281	239	450	328	865	24	127	34	610	115	294	37	88	42	1,637	3	69	45	201	67	704	56	139	224	490
2017	강동구	성내1동	2,102	623	22,241	12,143	10,098	-	-	-	-	206	1,270	-	-	4	178	134	4,022	544	2,853	173	292	324	1,068	41	265	23	218	94	227	145	885	57	5,489	6	2,484	79	1,112	58	863	55	198	159	817
2017	강동구	성내2동	1,952	750	7,860	3,519	4,341	-	-	-	-	135	484	1	2	1	4	73	614	430	1,256	213	475	369	1,111	16	90	39	922	109	246	34	146	43	340	2	39	65	263	88	1,101	73	172	261	595
2017	강동구	성내3동	2,427	910	9,289	4,746	4,543	2	35	-	-	142	641	-	-	1	48	81	530	585	2,337	217	307	489	1,430	27	218	26	174	132	307	74	354	35	811	1	21	140	562	107	711	107	265	261	538
2017	강동구	둔촌1동	102	16	540	337	203	-	-	-	-	2	21	1	86	-	-	3	5	21	111	56	78	-	-	-	-	1	8	-	-	-	-	-	-	2	8	4	205	1	5	-	-	11	13
2017	강동구	둔촌2동	1,627	561	9,182	4,666	4,516	-	-	-	-	86	322	-	-	-	-	86	685	346	2,250	270	614	246	807	14	75	11	164	99	296	40	381	14	48	2	70	83	592	62	2,416	54	114	214	348
2017	강동구	암사1동	1,936	689	5,684	3,063	2,621	-	-	-	-	140	547	-	-	-	-	80	544	415	1,189	436	654	299	726	5	11	8	132	87	186	12	33	18	91	2	29	68	279	65	720	62	160	239	383
2017	강동구	천호2동	3,730	1,466	14,996	7,135	7,861	-	-	-	-	217	705	-	-	1	3	119	625	1,291	4,462	339	461	689	2,493	38	314	23	425	151	491	53	340	78	970	3	100	103	652	155	1,587	124	518	346	850
2017	강동구	길동	4,054	1,426	18,512	9,265	9,247	1	7	-	-	187	987	-	-	2	51	167	1,573	868	2,933	691	914	810	2,607	40	420	57	944	227	628	92	562	55	1,317	6	279	136	923	158	3,052	139	422	418	893