기간	자치구	동	종류별 주택수	종류별 주택수	종류별 주택수	종류별 주택수	종류별 주택수	종류별 주택수	종류별 주택수	종류별 주택수	종류별 주택수
기간	자치구	동	합계	주택	주택	주택	주택	아파트	연립주택	다세대주택	비거주용건물내주택
기간	자치구	동	합계	계	단독주택	다가구주택	영업겸용	아파트	연립주택	다세대주택	비거주용건물내주택
2015	합계	합계	2,793,244	355,039	88,163	217,616	49,260	1,636,896	117,235	654,372	29,702
2015	종로구	소계	43,550	13,103	7,498	4,191	1,414	12,552	5,395	11,664	836
2015	종로구	사직동	2,771	729	533	128	68	1,532	78	386	46
2015	종로구	삼청동	799	714	514	131	69	X	19	41	25
2015	종로구	부암동	2,957	1,092	807	222	63	121	902	806	36
2015	종로구	평창동	5,754	1,533	1,065	335	133	936	2,180	1,044	61
2015	종로구	무악동	2,870	160	106	20	34	2,590	55	50	15
2015	종로구	교남동	1,527	251	116	114	21	112	88	1,072	X
2015	종로구	가회동	1,646	750	577	114	59	X	137	741	18
2015	종로구	종로1.2.3.4가동	1,613	563	359	98	106	932	28	26	64
2015	종로구	종로5·6가동	1,116	769	363	282	124	102	X	90	151
2015	종로구	이화동	2,725	808	398	299	111	189	266	1,393	69
2015	종로구	창신1동	1,528	525	208	191	126	832	16	116	39
2015	종로구	창신2동	2,445	908	283	503	122	328	91	1,082	36
2015	종로구	창신3동	2,152	315	107	178	30	1,735	35	58	9
2015	종로구	숭인1동	1,554	687	348	286	53	654	15	170	28
2015	종로구	숭인2동	3,081	446	204	180	62	1,394	241	936	64
2015	종로구	청운효자동	4,149	1,349	912	331	106	261	783	1,701	55
2015	종로구	혜화동	4,863	1,504	598	779	127	834	457	1,952	116
2015	중구	소계	37,478	6,436	2,722	2,600	1,114	22,186	1,975	6,148	733
2015	중구	소공동	380	15	14	X	X	355	X	X	10
2015	중구	회현동	1,782	285	158	88	39	1,345	43	77	32
2015	중구	명동	519	217	91	73	53	250	X	23	29
2015	중구	필동	956	399	191	121	87	279	90	140	48
2015	중구	장충동	2,431	408	219	132	57	201	278	1,494	50
2015	중구	광희동	1,445	502	297	134	71	822	X	80	38
2015	중구	을지로동	436	117	78	X	35	264	X	X	55
2015	중구	신당5동	2,457	681	204	361	116	1,336	107	278	55
2015	중구	황학동	3,610	714	231	242	241	2,589	16	170	121
2015	중구	중림동	2,764	313	156	122	35	1,890	55	482	24
2015	중구	신당동	1,996	980	453	398	129	586	51	309	70
2015	중구	다산동	4,267	896	335	468	93	472	711	2,119	69
2015	중구	약수동	6,508	191	55	108	28	5,344	395	560	18
2015	중구	청구동	4,842	487	188	233	66	3,844	115	347	49
2015	중구	동화동	3,085	231	52	115	64	2,609	111	69	65
2015	용산구	소계	70,723	15,503	5,691	8,038	1,774	35,343	4,029	15,206	642
2015	용산구	후암동	5,195	1,617	684	821	112	618	582	2,320	58
2015	용산구	용산2가동	3,326	1,185	202	824	159	375	126	1,615	25
2015	용산구	남영동	1,721	690	326	264	100	440	89	472	30
2015	용산구	원효로2동	4,489	589	192	318	79	3,223	118	532	27
2015	용산구	효창동	2,967	684	303	326	55	963	304	982	34
2015	용산구	용문동	3,806	524	159	237	128	2,282	97	880	23
2015	용산구	이촌1동	9,531	X	X	X	X	9,500	19	11	X
2015	용산구	이촌2동	3,391	59	13	14	32	2,773	177	374	8
2015	용산구	이태원1동	2,211	874	314	451	109	712	246	329	50
2015	용산구	이태원2동	3,111	1,217	320	806	91	705	228	921	40
2015	용산구	서빙고동	4,201	645	277	304	64	2,611	250	688	7
2015	용산구	보광동	3,614	2,050	585	1,295	170	550	81	895	38
2015	용산구	청파동	5,235	2,028	710	1,059	259	74	472	2,587	74
2015	용산구	원효로1동	4,663	671	271	284	116	3,384	43	496	69
2015	용산구	한강로동	5,212	958	631	228	99	3,719	104	344	87
2015	용산구	한남동	8,050	1,712	704	807	201	3,414	1,093	1,760	71
2015	성동구	소계	82,331	11,250	2,414	7,134	1,702	59,331	2,076	8,610	1,064
2015	성동구	왕십리2동	4,039	645	86	474	85	3,195	9	157	33
2015	성동구	마장동	6,282	1,262	548	482	232	4,111	230	526	153
2015	성동구	사근동	2,813	814	174	545	95	974	55	906	64
2015	성동구	행당1동	3,608	636	190	368	78	2,346	X	572	54
2015	성동구	행당2동	8,445	137	12	107	18	8,134	16	153	5
2015	성동구	응봉동	5,318	150	38	96	16	3,868	42	1,251	7
2015	성동구	금호1가동	5,643	97	38	30	29	4,672	X	847	27
2015	성동구	금호4가동	5,712	448	148	244	56	4,849	101	275	39
2015	성동구	성수1가1동	4,244	651	148	417	86	2,625	325	545	98
2015	성동구	성수1가2동	3,817	858	143	570	145	2,345	200	312	102
2015	성동구	성수2가1동	4,248	1,092	122	773	197	1,912	593	533	118
2015	성동구	성수2가3동	2,698	353	69	185	99	1,912	57	292	84
2015	성동구	송정동	2,096	968	122	769	77	765	86	254	23
2015	성동구	용답동	2,320	1,496	115	1,183	198	456	39	268	61
2015	성동구	왕십리도선동	7,085	573	144	269	160	6,050	75	295	92
2015	성동구	금호2.3가동	6,023	929	296	545	88	3,610	129	1,286	69
2015	성동구	옥수동	7,940	141	21	77	43	7,507	119	138	35
2015	광진구	소계	79,393	17,034	809	13,455	2,770	29,880	4,434	26,561	1,484
2015	광진구	화양동	4,384	1,471	38	1,198	235	756	133	1,856	168
2015	광진구	군자동	4,038	1,520	68	1,253	199	779	277	1,364	98
2015	광진구	중곡1동	2,823	1,213	46	907	260	106	101	1,295	108
2015	광진구	중곡2동	4,177	1,341	63	1,029	249	300	119	2,280	137
2015	광진구	중곡3동	3,269	1,295	71	1,025	199	444	48	1,363	119
2015	광진구	중곡4동	6,545	1,671	103	1,346	222	314	680	3,750	130
2015	광진구	능동	1,954	859	67	718	74	22	72	973	28
2015	광진구	구의1동	4,389	1,195	34	939	222	264	205	2,595	130
2015	광진구	구의2동	5,815	1,094	69	879	146	450	713	3,471	87
2015	광진구	구의3동	8,219	473	19	352	102	5,649	412	1,639	46
2015	광진구	광장동	10,213	219	46	126	47	9,003	481	460	50
2015	광진구	자양1동	4,282	1,329	46	1,034	249	527	202	2,119	105
2015	광진구	자양2동	6,331	944	16	704	224	2,773	283	2,245	86
2015	광진구	자양3동	8,268	471	32	370	69	7,088	271	371	67
2015	광진구	자양4동	4,686	1,939	91	1,575	273	1,405	437	780	125
2015	동대문구	소계	98,203	20,799	6,518	11,569	2,712	59,534	3,740	12,529	1,601
2015	동대문구	회기동	2,882	773	131	511	131	1,406	52	566	85
2015	동대문구	휘경1동	3,598	1,301	270	931	100	1,434	94	699	70
2015	동대문구	휘경2동	6,701	1,020	177	750	93	4,151	414	1,075	41
2015	동대문구	청량리동	6,181	1,526	418	929	179	3,691	65	809	90
2015	동대문구	용신동	7,622	2,581	983	1,226	372	3,532	342	914	253
2015	동대문구	제기동	7,453	2,395	1,127	841	427	3,078	156	1,629	195
2015	동대문구	전농1동	7,226	2,391	827	1,324	240	3,431	180	1,115	109
2015	동대문구	전농2동	6,328	524	219	256	49	5,505	X	272	25
2015	동대문구	답십리1동	9,736	1,097	260	685	152	8,355	44	169	71
2015	동대문구	답십리2동	8,546	1,067	284	574	209	6,937	66	361	115
2015	동대문구	장안1동	9,891	966	59	627	280	6,149	1,002	1,549	225
2015	동대문구	장안2동	8,373	952	86	663	203	5,179	1,034	1,048	160
2015	동대문구	이문1동	7,421	3,131	1,250	1,669	212	1,878	289	2,010	113
2015	동대문구	이문2동	6,245	1,075	427	583	65	4,808	X	313	49
2015	중랑구	소계	99,265	21,155	2,548	15,634	2,973	50,078	4,943	21,543	1,546
2015	중랑구	면목2동	6,074	1,618	130	1,209	279	2,444	234	1,595	183
2015	중랑구	면목4동	5,385	1,148	111	881	156	2,867	219	1,084	67
2015	중랑구	면목5동	2,697	1,087	160	771	156	216	380	933	81
2015	중랑구	면목7동	5,607	1,459	286	993	180	2,626	397	1,021	104
2015	중랑구	상봉1동	7,493	727	159	475	93	5,492	296	929	49
2015	중랑구	상봉2동	3,878	1,219	122	900	197	914	164	1,452	129
2015	중랑구	중화1동	5,293	782	82	588	112	2,120	626	1,704	61
2015	중랑구	중화2동	5,183	2,482	233	1,978	271	868	597	1,094	142
2015	중랑구	묵1동	9,284	862	80	668	114	5,593	363	2,386	80
2015	중랑구	묵2동	4,507	1,134	118	853	163	1,650	194	1,399	130
2015	중랑구	망우3동	3,115	1,469	141	1,147	181	61	117	1,400	68
2015	중랑구	신내1동	12,125	476	107	287	82	10,842	229	524	54
2015	중랑구	신내2동	8,441	12	9	X	X	8,425	X	X	X
2015	중랑구	면목본동	7,231	2,703	348	2,029	326	764	253	3,397	114
2015	중랑구	면목3.8동	5,831	1,997	224	1,438	335	1,942	455	1,323	114
2015	중랑구	망우본동	7,121	1,980	238	1,417	325	3,254	419	1,302	166
2015	성북구	소계	128,046	27,180	12,933	11,311	2,936	69,725	6,518	23,097	1,526
2015	성북구	돈암1동	5,763	172	101	50	21	5,341	80	162	8
2015	성북구	돈암2동	7,473	65	48	15	X	7,162	20	221	5
2015	성북구	안암동	3,818	1,268	442	664	162	1,177	214	1,019	140
2015	성북구	보문동	3,421	1,213	517	542	154	1,305	42	765	96
2015	성북구	정릉1동	5,510	690	275	313	102	4,136	72	568	44
2015	성북구	정릉2동	7,537	1,081	667	328	86	3,157	688	2,571	40
2015	성북구	정릉3동	4,895	1,600	1,219	285	96	672	1,086	1,481	56
2015	성북구	정릉4동	8,810	624	358	189	77	5,168	877	2,093	48
2015	성북구	길음1동	11,978	296	225	54	17	11,470	59	128	25
2015	성북구	길음2동	4,840	978	607	277	94	2,810	190	820	42
2015	성북구	월곡1동	7,875	1,091	376	560	155	6,137	93	508	46
2015	성북구	월곡2동	5,390	1,252	438	683	131	3,379	172	489	98
2015	성북구	장위1동	5,624	2,143	825	1,146	172	90	518	2,759	114
2015	성북구	장위2동	4,299	2,227	665	1,301	261	220	288	1,448	116
2015	성북구	장위3동	4,127	1,965	1,007	780	178	1,306	225	563	68
2015	성북구	성북동	5,274	2,474	1,850	469	155	606	770	1,352	72
2015	성북구	삼선동	6,599	2,160	982	899	279	2,742	285	1,285	127
2015	성북구	동선동	4,118	1,223	472	531	220	1,078	369	1,309	139
2015	성북구	종암동	11,663	1,576	592	793	191	8,030	370	1,571	116
2015	성북구	석관동	9,032	3,082	1,267	1,432	383	3,739	100	1,985	126
2015	강북구	소계	91,806	19,393	5,998	11,048	2,347	32,651	4,854	33,820	1,088
2015	강북구	번1동	4,346	1,733	320	1,200	213	880	86	1,558	89
2015	강북구	번2동	6,535	317	104	171	42	2,625	240	3,325	28
2015	강북구	번3동	7,243	33	6	12	15	6,861	66	260	23
2015	강북구	수유1동	6,088	1,696	706	786	204	387	492	3,432	81
2015	강북구	수유2동	6,437	1,034	213	649	172	2,531	175	2,574	123
2015	강북구	수유3동	5,367	1,837	286	1,251	300	235	230	2,939	126
2015	강북구	삼양동	8,203	2,358	1,148	1,023	187	2,646	650	2,473	76
2015	강북구	미아동	6,145	1,557	300	1,032	225	1,099	408	2,990	91
2015	강북구	송중동	7,704	2,289	644	1,398	247	1,342	499	3,474	100
2015	강북구	송천동	6,777	3,153	1,070	1,742	341	1,255	220	2,022	127
2015	강북구	삼각산동	11,380	49	14	21	14	11,291	X	26	14
2015	강북구	우이동	6,305	1,304	506	680	118	856	704	3,354	87
2015	강북구	인수동	9,276	2,033	681	1,083	269	643	1,084	5,393	123
2015	도봉구	소계	102,443	9,404	1,748	6,078	1,578	64,082	4,242	24,014	701
2015	도봉구	쌍문1동	6,579	1,058	416	549	93	1,890	832	2,751	48
2015	도봉구	쌍문2동	6,097	699	140	457	102	2,792	270	2,283	53
2015	도봉구	쌍문3동	4,755	890	150	608	132	1,840	215	1,768	42
2015	도봉구	쌍문4동	6,784	121	51	57	13	6,116	109	426	12
2015	도봉구	방학1동	7,916	1,131	82	825	224	4,237	465	1,979	104
2015	도봉구	방학2동	5,436	1,150	86	847	217	68	844	3,286	88
2015	도봉구	방학3동	9,693	68	41	11	16	9,231	45	336	13
2015	도봉구	창1동	8,780	435	48	298	89	7,251	293	766	35
2015	도봉구	창2동	8,166	778	74	525	179	2,937	361	4,041	49
2015	도봉구	창3동	3,782	1,136	189	724	223	1,126	120	1,364	36
2015	도봉구	창4동	10,009	X	X	X	X	9,991	X	16	X
2015	도봉구	창5동	8,581	156	18	109	29	6,946	112	1,317	50
2015	도봉구	도봉1동	6,397	1,250	309	752	189	1,107	519	3,390	131
2015	도봉구	도봉2동	9,468	531	144	316	71	8,550	57	291	39
2015	노원구	소계	186,626	8,143	3,226	3,824	1,093	160,725	3,536	13,471	751
2015	노원구	월계1동	6,840	655	189	383	83	3,998	182	1,939	66
2015	노원구	월계2동	10,604	342	78	215	49	9,681	189	369	23
2015	노원구	월계3동	12,679	50	15	30	5	12,615	X	7	7
2015	노원구	공릉2동	13,132	557	84	390	83	11,066	448	996	65
2015	노원구	하계1동	10,196	178	65	69	44	9,040	447	497	34
2015	노원구	하계2동	8,164	X	X	X	X	8,160	X	X	X
2015	노원구	중계본동	8,139	842	775	38	29	6,158	192	910	37
2015	노원구	중계1동	8,741	X	X	X	X	8,733	X	X	5
2015	노원구	중계4동	7,597	141	63	52	26	7,189	29	192	46
2015	노원구	상계1동	13,027	355	61	206	88	10,901	371	1,323	77
2015	노원구	상계2동	5,875	712	55	489	168	3,908	200	967	88
2015	노원구	상계5동	6,337	981	124	677	180	3,458	179	1,615	104
2015	노원구	상계8동	9,090	X	X	X	X	9,090	X	X	X
2015	노원구	상계9동	8,260	X	X	X	X	8,258	X	X	X
2015	노원구	상계10동	7,252	X	X	X	X	7,252	X	X	X
2015	노원구	상계3.4동	10,457	2,516	1,670	730	116	5,222	885	1,766	68
2015	노원구	상계6.7동	13,190	X	X	X	X	13,190	X	X	X
2015	노원구	중계2.3동	14,301	X	X	X	X	14,245	56	X	X
2015	노원구	공릉1동	12,745	806	41	543	222	8,561	358	2,890	130
2015	은평구	소계	140,330	18,582	6,016	9,813	2,753	50,419	6,886	63,059	1,384
2015	은평구	녹번동	9,309	1,237	262	778	197	2,819	565	4,595	93
2015	은평구	불광1동	13,050	1,201	435	608	158	7,254	496	4,014	85
2015	은평구	갈현1동	6,776	1,527	701	644	182	713	492	3,935	109
2015	은평구	갈현2동	8,472	1,028	352	481	195	1,345	405	5,569	125
2015	은평구	구산동	9,417	912	334	411	167	2,604	698	5,138	65
2015	은평구	대조동	9,208	1,585	435	872	278	1,621	241	5,638	123
2015	은평구	응암1동	8,699	1,098	307	621	170	2,623	564	4,327	87
2015	은평구	응암2동	6,956	1,097	412	585	100	3,751	148	1,914	46
2015	은평구	신사1동	8,358	658	211	284	163	2,545	539	4,552	64
2015	은평구	신사2동	6,039	1,148	413	597	138	2,312	383	2,137	59
2015	은평구	증산동	5,450	929	277	555	97	1,933	733	1,803	52
2015	은평구	수색동	5,613	1,082	508	489	85	2,338	411	1,713	69
2015	은평구	진관동	15,432	122	101	7	14	15,276	X	22	12
2015	은평구	불광2동	7,706	1,801	603	1,025	173	778	456	4,597	74
2015	은평구	응암3동	6,231	1,426	247	931	248	835	135	3,702	133
2015	은평구	역촌동	13,614	1,731	418	925	388	1,672	620	9,403	188
2015	서대문구	소계	92,885	15,568	4,066	9,824	1,678	45,340	5,762	25,250	965
2015	서대문구	천연동	6,150	625	220	338	67	5,106	113	275	31
2015	서대문구	홍제1동	7,238	907	233	582	92	3,802	639	1,822	68
2015	서대문구	홍제3동	5,464	1,322	450	734	138	2,561	237	1,276	68
2015	서대문구	홍제2동	4,823	313	63	213	37	4,050	77	364	19
2015	서대문구	홍은1동	6,764	1,750	787	827	136	3,832	326	802	54
2015	서대문구	홍은2동	8,918	1,202	239	870	93	2,448	918	4,280	70
2015	서대문구	남가좌1동	5,295	53	7	24	22	4,940	186	84	32
2015	서대문구	남가좌2동	7,642	1,634	218	1,183	233	3,651	155	2,113	89
2015	서대문구	북가좌1동	6,065	284	25	232	27	4,770	191	799	21
2015	서대문구	북가좌2동	9,900	1,293	125	996	172	1,953	752	5,802	100
2015	서대문구	충현동	4,928	1,593	737	730	126	1,467	535	1,279	54
2015	서대문구	북아현동	3,419	734	232	434	68	2,189	95	360	41
2015	서대문구	신촌동	5,158	1,160	209	750	201	1,509	246	2,077	166
2015	서대문구	연희동	11,121	2,698	521	1,911	266	3,062	1,292	3,917	152
2015	마포구	소계	116,135	14,302	4,311	7,767	2,224	63,071	3,683	33,508	1,571
2015	마포구	용강동	7,177	258	98	118	42	6,124	106	633	56
2015	마포구	대흥동	3,653	1,577	569	854	154	1,591	24	378	83
2015	마포구	염리동	3,845	1,207	424	652	131	1,791	62	741	44
2015	마포구	신수동	5,858	851	228	505	118	3,438	159	1,340	70
2015	마포구	서교동	8,187	1,521	387	819	315	1,474	353	4,400	439
2015	마포구	합정동	5,996	786	170	491	125	825	318	3,937	130
2015	마포구	망원1동	6,464	1,042	198	637	207	1,125	462	3,729	106
2015	마포구	망원2동	6,385	459	45	283	131	2,393	586	2,848	99
2015	마포구	연남동	5,500	1,385	403	806	176	881	261	2,877	96
2015	마포구	성산1동	5,977	841	210	490	141	605	480	3,960	91
2015	마포구	성산2동	12,258	505	109	338	58	9,562	382	1,758	51
2015	마포구	상암동	9,724	388	124	154	110	8,728	40	547	21
2015	마포구	도화동	7,109	521	161	280	80	6,067	38	445	38
2015	마포구	서강동	8,340	730	196	415	119	5,333	185	2,004	88
2015	마포구	공덕동	9,928	1,782	753	808	221	5,247	195	2,597	107
2015	마포구	아현동	9,734	449	236	117	96	7,887	32	1,314	52
2015	양천구	소계	134,097	9,907	1,438	6,532	1,937	83,827	4,459	34,948	956
2015	양천구	목1동	7,769	127	17	74	36	7,370	42	197	33
2015	양천구	목2동	9,200	662	79	460	123	2,551	514	5,398	75
2015	양천구	목3동	5,918	674	94	455	125	1,827	141	3,227	49
2015	양천구	목4동	6,990	698	45	492	161	2,817	300	3,096	79
2015	양천구	신월1동	5,652	1,179	104	857	218	1,261	443	2,662	107
2015	양천구	신월2동	7,244	305	12	213	80	3,790	933	2,161	55
2015	양천구	신월3동	3,972	1,163	141	866	156	820	180	1,765	44
2015	양천구	신월4동	5,942	194	16	108	70	3,415	473	1,836	24
2015	양천구	신월5동	4,259	513	41	350	122	1,411	420	1,876	39
2015	양천구	신월6동	3,716	830	468	189	173	1,477	236	1,106	67
2015	양천구	신월7동	8,467	59	X	15	41	3,371	107	4,864	66
2015	양천구	신정1동	4,901	300	19	172	109	4,331	6	224	40
2015	양천구	신정2동	6,029	335	46	201	88	5,197	79	347	71
2015	양천구	신정3동	15,236	1,378	242	999	137	12,579	73	1,146	60
2015	양천구	신정6동	7,214	X	X	X	X	7,214	X	X	X
2015	양천구	신정7동	10,413	79	33	36	10	10,192	X	117	25
2015	양천구	목5동	12,391	X	X	X	X	12,390	X	X	X
2015	양천구	신정4동	8,784	1,411	78	1,045	288	1,814	512	4,926	121
2015	강서구	소계	179,045	11,671	1,504	7,998	2,169	107,304	5,306	53,569	1,195
2015	강서구	염창동	12,416	165	26	95	44	11,120	252	823	56
2015	강서구	등촌1동	5,629	218	17	129	72	4,045	327	996	43
2015	강서구	등촌2동	6,170	535	74	401	60	2,614	483	2,498	40
2015	강서구	등촌3동	13,475	9	X	5	X	13,287	X	166	13
2015	강서구	화곡본동	11,273	863	168	517	178	786	632	8,910	82
2015	강서구	화곡2동	5,493	740	67	557	116	338	96	4,255	64
2015	강서구	화곡3동	6,106	542	34	426	82	3,337	120	2,067	40
2015	강서구	화곡4동	6,131	938	79	681	178	694	197	4,213	89
2015	강서구	화곡6동	7,621	589	51	415	123	3,051	692	3,206	83
2015	강서구	화곡8동	8,247	769	98	526	145	683	339	6,400	56
2015	강서구	가양1동	7,570	100	26	51	23	6,707	375	352	36
2015	강서구	가양2동	7,085	X	X	X	X	7,083	X	X	X
2015	강서구	가양3동	7,436	X	X	X	X	7,436	X	X	X
2015	강서구	발산1동	11,852	268	10	210	48	9,142	451	1,951	40
2015	강서구	공항동	4,456	1,466	178	943	345	545	133	2,255	57
2015	강서구	방화1동	12,605	977	129	673	175	9,492	227	1,818	91
2015	강서구	방화2동	7,149	1,283	344	800	139	3,886	315	1,549	116
2015	강서구	방화3동	9,540	120	X	100	17	8,831	90	484	15
2015	강서구	화곡1동	15,587	1,490	145	1,035	310	4,699	241	8,957	200
2015	강서구	우장산동	13,204	599	55	434	110	9,528	336	2,668	73
2015	구로구	소계	118,047	12,469	1,992	8,840	1,637	74,594	7,362	22,783	839
2015	구로구	신도림동	10,968	317	111	123	83	10,399	104	98	50
2015	구로구	구로1동	6,768	X	X	X	X	6,644	X	118	5
2015	구로구	구로3동	7,354	201	58	72	71	5,483	126	1,518	26
2015	구로구	구로4동	8,315	717	105	485	127	5,897	120	1,501	80
2015	구로구	구로5동	8,453	1,049	88	813	148	6,758	113	444	89
2015	구로구	고척1동	7,225	570	186	340	44	5,581	110	910	54
2015	구로구	고척2동	7,446	1,304	123	1,008	173	4,460	275	1,342	65
2015	구로구	개봉2동	10,476	520	44	373	103	6,526	90	3,308	32
2015	구로구	개봉3동	6,280	711	90	496	125	2,267	108	3,118	76
2015	구로구	오류1동	5,560	774	206	510	58	3,222	267	1,257	40
2015	구로구	오류2동	13,623	601	192	335	74	8,978	2,237	1,760	47
2015	구로구	수궁동	7,963	395	150	201	44	1,492	3,165	2,859	52
2015	구로구	가리봉동	2,243	1,075	108	862	105	114	104	902	48
2015	구로구	구로2동	6,350	2,769	431	2,080	258	1,940	118	1,406	117
2015	구로구	개봉1동	9,023	1,465	99	1,142	224	4,833	425	2,242	58
2015	금천구	소계	57,096	9,776	556	8,167	1,053	27,342	3,937	15,549	492
2015	금천구	가산동	4,690	721	82	514	125	2,707	193	998	71
2015	금천구	독산1동	8,457	545	42	421	82	6,629	48	1,174	61
2015	금천구	독산2동	4,134	1,463	58	1,275	130	207	236	2,178	50
2015	금천구	독산3동	5,815	1,468	46	1,252	170	1,449	281	2,551	66
2015	금천구	독산4동	3,444	1,090	24	982	84	449	162	1,705	38
2015	금천구	시흥1동	9,122	1,608	112	1,270	226	4,812	279	2,336	87
2015	금천구	시흥2동	7,788	146	37	91	18	7,531	16	82	13
2015	금천구	시흥3동	3,892	180	33	114	33	367	2,003	1,324	18
2015	금천구	시흥4동	5,226	1,075	63	928	84	1,610	488	2,029	24
2015	금천구	시흥5동	4,528	1,480	59	1,320	101	1,581	231	1,172	64
2015	영등포구	소계	96,195	17,306	3,134	11,842	2,330	65,088	1,562	11,112	1,127
2015	영등포구	여의동	10,127	X	X	X	X	10,127	X	X	X
2015	영등포구	당산1동	5,410	888	195	440	253	4,083	15	305	119
2015	영등포구	당산2동	10,367	374	68	220	86	9,193	22	706	72
2015	영등포구	양평1동	3,901	704	385	184	135	2,884	45	200	68
2015	영등포구	양평2동	6,564	307	75	150	82	4,653	155	1,375	74
2015	영등포구	신길1동	4,061	1,861	268	1,414	179	1,250	137	774	39
2015	영등포구	신길3동	4,153	1,342	190	995	157	2,559	X	206	46
2015	영등포구	신길4동	2,525	841	78	661	102	1,213	X	437	34
2015	영등포구	신길5동	3,022	1,510	267	1,151	92	610	146	720	36
2015	영등포구	신길6동	5,496	1,359	361	880	118	3,356	172	551	58
2015	영등포구	신길7동	3,896	511	99	361	51	2,884	100	365	36
2015	영등포구	대림1동	3,054	1,280	87	1,059	134	1,035	144	518	77
2015	영등포구	대림2동	3,607	1,497	52	1,287	158	937	246	849	78
2015	영등포구	대림3동	7,041	1,186	50	884	252	4,191	56	1,489	119
2015	영등포구	영등포본동	6,275	1,325	322	848	155	3,543	70	1,293	44
2015	영등포구	영등포동	4,809	756	287	271	198	3,364	92	468	129
2015	영등포구	도림동	3,875	1,307	166	1,018	123	1,537	126	856	49
2015	영등포구	문래동	8,012	258	184	19	55	7,669	36	X	49
2015	동작구	소계	109,362	17,113	3,984	11,175	1,954	56,969	5,475	28,726	1,079
2015	동작구	노량진2동	2,748	1,579	370	1,053	156	97	214	771	87
2015	동작구	상도1동	14,115	1,037	257	628	152	9,016	754	3,189	119
2015	동작구	상도2동	7,100	1,142	486	560	96	4,012	250	1,623	73
2015	동작구	상도3동	6,621	1,127	324	682	121	895	793	3,741	65
2015	동작구	상도4동	7,650	1,769	623	1,026	120	688	747	4,378	68
2015	동작구	사당1동	5,163	1,316	91	993	232	487	416	2,819	125
2015	동작구	사당3동	7,031	721	61	554	106	4,559	181	1,513	57
2015	동작구	사당4동	3,835	784	82	591	111	974	170	1,876	31
2015	동작구	사당5동	3,745	683	101	488	94	1,631	226	1,162	43
2015	동작구	대방동	11,073	1,097	273	697	127	7,032	338	2,508	98
2015	동작구	신대방1동	6,317	819	46	668	105	4,630	53	780	35
2015	동작구	신대방2동	5,382	748	142	547	59	3,093	244	1,249	48
2015	동작구	흑석동	9,350	2,237	679	1,337	221	5,382	424	1,227	80
2015	동작구	노량진1동	10,459	1,110	321	670	119	8,087	360	825	77
2015	동작구	사당2동	8,773	944	128	681	135	6,386	305	1,065	73
2015	관악구	소계	121,277	23,159	4,849	15,642	2,668	53,262	6,489	36,436	1,931
2015	관악구	보라매동	5,908	1,453	364	963	126	1,414	646	2,326	69
2015	관악구	청림동	5,267	487	157	296	34	4,390	110	256	24
2015	관악구	행운동	6,760	1,215	130	949	136	3,454	106	1,872	113
2015	관악구	낙성대동	3,454	688	116	457	115	1,392	422	856	96
2015	관악구	중앙동	3,298	1,011	298	585	128	896	157	1,163	71
2015	관악구	인헌동	6,679	904	90	658	156	1,319	692	3,669	95
2015	관악구	남현동	4,751	519	65	372	82	1,966	507	1,714	45
2015	관악구	서원동	5,124	1,035	132	834	69	785	447	2,793	64
2015	관악구	신원동	3,713	1,364	141	1,105	118	673	82	1,496	98
2015	관악구	서림동	4,860	1,100	145	805	150	1,699	265	1,672	124
2015	관악구	신사동	3,901	1,698	79	1,400	219	298	132	1,680	93
2015	관악구	신림동	3,521	1,036	318	547	171	931	14	1,355	185
2015	관악구	난향동	4,843	473	94	357	22	3,872	79	403	16
2015	관악구	조원동	4,688	897	44	656	197	2,077	106	1,472	136
2015	관악구	대학동	4,169	1,143	117	849	177	1,978	232	577	239
2015	관악구	은천동	10,344	1,183	435	600	148	6,053	297	2,703	108
2015	관악구	성현동	10,897	442	146	254	42	8,669	249	1,502	35
2015	관악구	청룡동	6,177	1,686	226	1,260	200	2,172	535	1,675	109
2015	관악구	난곡동	6,861	1,624	242	1,262	120	915	738	3,517	67
2015	관악구	삼성동	7,936	1,961	1,248	630	83	4,712	233	994	36
2015	관악구	미성동	8,126	1,240	262	803	175	3,597	440	2,741	108
2015	서초구	소계	125,403	6,773	1,090	4,609	1,074	90,084	5,722	21,474	1,350
2015	서초구	서초1동	6,277	486	151	268	67	4,425	296	972	98
2015	서초구	서초2동	6,422	107	7	81	19	5,896	85	278	56
2015	서초구	서초3동	8,447	371	47	247	77	5,251	761	1,930	134
2015	서초구	서초4동	8,280	23	X	15	6	8,133	45	71	8
2015	서초구	잠원동	10,520	252	16	172	64	9,556	123	492	97
2015	서초구	반포본동	3,664	X	X	X	X	3,662	X	X	X
2015	서초구	반포1동	8,079	492	17	403	72	5,437	305	1,771	74
2015	서초구	반포2동	5,704	X	X	X	X	5,703	X	X	X
2015	서초구	반포3동	6,341	6	X	X	5	6,335	X	X	X
2015	서초구	반포4동	6,036	138	31	84	23	3,834	977	1,024	63
2015	서초구	방배본동	5,346	331	41	215	75	3,488	162	1,297	68
2015	서초구	방배1동	4,696	484	50	377	57	1,767	249	2,115	81
2015	서초구	방배2동	6,201	1,400	115	1,137	148	2,151	357	2,219	74
2015	서초구	방배3동	6,707	341	57	251	33	4,481	307	1,546	32
2015	서초구	방배4동	7,299	729	116	445	168	3,552	314	2,563	141
2015	서초구	양재1동	14,074	585	159	325	101	10,772	871	1,712	134
2015	서초구	양재2동	5,832	416	12	283	121	909	854	3,381	272
2015	서초구	내곡동	5,478	611	269	305	37	4,732	16	103	16
2015	강남구	소계	176,654	7,437	1,060	5,010	1,367	133,127	6,106	28,122	1,862
2015	강남구	신사동	5,020	390	34	261	95	3,580	127	758	165
2015	강남구	논현1동	7,220	959	98	677	184	1,551	921	3,556	233
2015	강남구	논현2동	6,597	685	96	458	131	2,724	694	2,330	164
2015	강남구	삼성1동	4,562	241	105	93	43	3,111	381	778	51
2015	강남구	삼성2동	10,073	404	32	298	74	6,949	164	2,469	87
2015	강남구	대치1동	6,726	7	X	X	X	6,629	12	72	6
2015	강남구	대치4동	6,094	519	29	383	107	1,929	125	3,388	133
2015	강남구	역삼1동	10,758	1,316	204	874	238	2,466	1,036	5,710	230
2015	강남구	역삼2동	11,140	344	36	260	48	8,511	258	1,965	62
2015	강남구	도곡1동	6,568	135	14	93	28	5,591	187	598	57
2015	강남구	도곡2동	10,222	47	X	27	18	9,728	126	243	78
2015	강남구	개포1동	6,869	8	X	5	X	6,771	X	90	X
2015	강남구	개포4동	6,393	295	15	207	73	3,122	481	2,286	209
2015	강남구	일원본동	7,265	90	X	86	X	6,884	291	X	X
2015	강남구	일원1동	4,379	570	22	452	96	3,033	7	695	74
2015	강남구	일원2동	6,405	X	X	X	X	6,404	X	X	X
2015	강남구	수서동	6,761	47	24	18	5	6,713	X	X	X
2015	강남구	세곡동	12,097	572	230	312	30	11,400	X	122	X
2015	강남구	압구정동	8,891	178	33	87	58	7,842	251	490	130
2015	강남구	청담동	9,341	416	66	277	73	7,016	629	1,156	124
2015	강남구	대치2동	11,736	155	11	98	46	9,999	407	1,142	33
2015	강남구	개포2동	11,537	59	X	40	15	11,174	9	274	21
2015	송파구	소계	187,030	10,231	1,346	6,959	1,926	111,685	5,040	58,287	1,787
2015	송파구	풍납1동	3,482	1,084	60	926	98	1,596	206	541	55
2015	송파구	풍납2동	7,271	588	22	460	106	5,384	178	1,059	62
2015	송파구	거여1동	3,613	601	180	331	90	1,750	173	1,041	48
2015	송파구	거여2동	7,663	1,220	676	451	93	5,298	219	848	78
2015	송파구	마천1동	5,080	1,008	157	697	154	2,178	129	1,701	64
2015	송파구	마천2동	4,927	980	211	628	141	1,165	479	2,208	95
2015	송파구	방이1동	4,377	154	X	106	48	2,134	305	1,684	100
2015	송파구	방이2동	7,310	417	8	308	101	1,024	634	5,133	102
2015	송파구	오륜동	5,542	X	X	X	X	5,540	X	X	X
2015	송파구	오금동	10,017	417	X	288	125	5,315	483	3,632	170
2015	송파구	송파1동	8,147	493	5	375	113	1,267	405	5,869	113
2015	송파구	송파2동	6,055	156	X	121	34	4,548	155	1,165	31
2015	송파구	석촌동	10,671	625	X	478	144	1,030	386	8,449	181
2015	송파구	삼전동	10,308	570	X	459	111	364	316	8,946	112
2015	송파구	가락본동	7,829	362	X	205	155	4,976	243	2,109	139
2015	송파구	가락1동	206	X	X	X	X	206	X	X	X
2015	송파구	가락2동	9,911	300	X	190	107	6,368	188	2,948	107
2015	송파구	문정1동	6,080	263	X	164	99	3,181	197	2,349	90
2015	송파구	문정2동	4,496	X	X	X	X	4,494	X	X	X
2015	송파구	장지동	11,119	304	X	216	85	8,253	220	2,269	73
2015	송파구	위례동	3,898	X	X	X	X	3,898	X	X	X
2015	송파구	잠실본동	8,427	685	9	556	120	1,116	124	6,336	166
2015	송파구	잠실4동	9,722	X	X	X	X	9,721	X	X	X
2015	송파구	잠실6동	5,390	X	X	X	X	5,390	X	X	X
2015	송파구	잠실7동	3,198	X	X	X	X	3,198	X	X	X
2015	송파구	잠실2동	11,241	X	X	X	X	11,241	X	X	X
2015	송파구	잠실3동	11,050	X	X	X	X	11,050	X	X	X
2015	강동구	소계	119,824	11,345	712	8,556	2,077	78,697	3,704	24,886	1,192
2015	강동구	강일동	10,348	66	45	13	8	10,280	X	X	X
2015	강동구	상일동	7,232	259	9	139	111	5,836	636	457	44
2015	강동구	명일1동	7,563	264	9	179	76	6,306	119	806	68
2015	강동구	명일2동	4,485	167	X	100	64	4,196	X	93	29
2015	강동구	고덕1동	3,893	336	22	248	66	3,196	X	314	47
2015	강동구	고덕2동	3,716	590	16	472	102	2,771	X	316	39
2015	강동구	암사2동	4,693	238	25	168	45	3,679	86	661	29
2015	강동구	암사3동	5,474	210	77	114	19	4,730	38	479	17
2015	강동구	천호1동	6,541	1,165	32	966	167	2,571	383	2,357	65
2015	강동구	천호3동	5,618	1,203	118	976	109	3,269	169	942	35
2015	강동구	성내1동	5,544	215	6	132	77	2,640	413	2,163	113
2015	강동구	성내2동	5,368	1,398	76	1,055	267	1,741	196	1,933	100
2015	강동구	성내3동	5,951	623	8	445	170	2,488	224	2,518	98
2015	강동구	둔촌1동	5,935	5	X	X	X	5,930	X	X	X
2015	강동구	둔촌2동	7,489	598	44	431	123	4,941	238	1,638	74
2015	강동구	암사1동	8,630	1,296	32	1,050	214	2,757	311	4,181	85
2015	강동구	천호2동	7,033	1,803	161	1,396	246	2,256	272	2,521	181
2015	강동구	길동	14,311	909	26	670	213	9,110	619	3,507	166